Experiment	bias spectroscopy	
Saved Date	06.11.2019 10:20:20	
User		
Date		
X (m)	-3.0725E-6	
Y (m)	3.07822E-6	
Z (m)	-317.759E-9	
Z offset (m)	0E+0	
Settling time (s)	200E-6	
Integration time (s)	100E-6	
Z-Ctrl hold	TRUE	
Final Z (m)	N/A	
Start time	06.11.2019 10:19:49	
Filter type	None	
Order		
Cutoff frq		

[DATA]
Bias calc (V)	OC D1 Amplitude (m)	OC M1 Freq. Shift (Hz)	OC D1 Amplitude [bwd] (m)	OC M1 Freq. Shift [bwd] (Hz)
-1.0000000E+0	109.73636E-9	-17.938005E+0	109.77282E-9	-19.528826E+0
-992.15686E-3	109.73876E-9	-18.409304E+0	109.78380E-9	-18.548079E+0
-984.31373E-3	109.72713E-9	-19.192974E+0	109.79169E-9	-17.481928E+0
-976.47059E-3	109.73662E-9	-16.469692E+0	109.80276E-9	-18.191498E+0
-968.62745E-3	109.74325E-9	-17.645676E+0	109.82156E-9	-19.363146E+0
-960.78432E-3	109.73185E-9	-18.400551E+0	109.82772E-9	-17.966791E+0
-952.94118E-3	109.73255E-9	-18.206890E+0	109.84424E-9	-17.260162E+0
-945.09804E-3	109.73393E-9	-16.863255E+0	109.86138E-9	-18.039400E+0
-937.25491E-3	109.73010E-9	-17.734034E+0	109.87861E-9	-18.588675E+0
-929.41177E-3	109.72906E-9	-18.227346E+0	109.87929E-9	-17.000444E+0
-921.56863E-3	109.73475E-9	-16.680988E+0	109.88232E-9	-16.519352E+0
-913.72550E-3	109.73495E-9	-16.859793E+0	109.89901E-9	-17.697588E+0
-905.88236E-3	109.73847E-9	-16.970650E+0	109.91485E-9	-17.609657E+0
-898.03922E-3	109.73800E-9	-17.926161E+0	109.91604E-9	-16.631399E+0
-890.19608E-3	109.74427E-9	-15.821838E+0	109.92073E-9	-17.248568E+0
-882.35295E-3	109.74558E-9	-16.850340E+0	109.93372E-9	-17.254820E+0
-874.50981E-3	109.74640E-9	-17.158865E+0	109.93894E-9	-16.284946E+0
-866.66667E-3	109.75009E-9	-16.694721E+0	109.94886E-9	-16.239418E+0
-858.82354E-3	109.74513E-9	-15.507007E+0	109.95161E-9	-16.982058E+0
-850.98040E-3	109.75486E-9	-16.975859E+0	109.96212E-9	-16.994425E+0
-843.13726E-3	109.75351E-9	-17.435432E+0	109.98340E-9	-15.448035E+0
-835.29413E-3	109.75555E-9	-15.664304E+0	109.97895E-9	-15.817978E+0
-827.45099E-3	109.75300E-9	-15.848192E+0	109.98662E-9	-17.333132E+0
-819.60785E-3	109.76050E-9	-16.442436E+0	109.99273E-9	-16.673954E+0
-811.76472E-3	109.75919E-9	-16.885317E+0	110.01183E-9	-14.722209E+0
-803.92158E-3	109.76047E-9	-14.863876E+0	110.00368E-9	-15.620269E+0
-796.07844E-3	109.76009E-9	-15.898085E+0	110.00854E-9	-16.458771E+0
-788.23531E-3	109.77002E-9	-16.248991E+0	110.01481E-9	-15.422884E+0
-780.39217E-3	109.77662E-9	-16.424091E+0	110.01732E-9	-14.882436E+0
-772.54903E-3	109.76194E-9	-14.803387E+0	110.01598E-9	-15.353691E+0
-764.70590E-3	109.77174E-9	-15.879371E+0	110.01319E-9	-15.787376E+0
-756.86276E-3	109.77701E-9	-16.125383E+0	110.02562E-9	-14.846158E+0
-749.01962E-3	109.78975E-9	-14.325714E+0	110.02859E-9	-15.256334E+0
-741.17649E-3	109.77957E-9	-14.924807E+0	110.03242E-9	-15.662557E+0
-733.33335E-3	109.79651E-9	-15.203488E+0	110.03365E-9	-14.871810E+0
-725.49021E-3	109.80651E-9	-15.776073E+0	110.03770E-9	-13.922242E+0
-717.64708E-3	109.80222E-9	-13.859605E+0	110.03955E-9	-15.458947E+0
-709.80394E-3	109.81002E-9	-14.749466E+0	110.04035E-9	-15.588125E+0
-701.96080E-3	109.81307E-9	-15.387648E+0	110.04023E-9	-14.060370E+0
-694.11767E-3	109.82422E-9	-14.774405E+0	110.04027E-9	-13.603390E+0
-686.27453E-3	109.82058E-9	-13.873939E+0	110.03227E-9	-14.763403E+0
-678.43139E-3	109.82465E-9	-15.147097E+0	110.02358E-9	-15.118935E+0
-670.58825E-3	109.83491E-9	-15.162542E+0	110.02346E-9	-13.712666E+0
-662.74512E-3	109.85191E-9	-13.447445E+0	110.02628E-9	-13.628467E+0
-654.90198E-3	109.84539E-9	-13.753283E+0	110.01712E-9	-14.419130E+0
-647.05884E-3	109.85717E-9	-14.299305E+0	110.01045E-9	-14.614751E+0
-639.21571E-3	109.86040E-9	-14.790075E+0	110.01229E-9	-13.907527E+0
-631.37257E-3	109.87186E-9	-13.010646E+0	110.02004E-9	-14.231751E+0
-623.52937E-3	109.88146E-9	-14.058933E+0	110.02167E-9	-14.226501E+0
-615.68624E-3	109.88288E-9	-14.592166E+0	110.01726E-9	-13.795515E+0
-607.84310E-3	109.89794E-9	-13.835505E+0	110.01977E-9	-13.999612E+0
-599.99996E-3	109.90061E-9	-12.940444E+0	110.03295E-9	-14.507467E+0
-592.15683E-3	109.91358E-9	-14.087393E+0	110.03000E-9	-14.226380E+0
-584.31369E-3	109.90478E-9	-14.858399E+0	110.02371E-9	-13.009709E+0
-576.47055E-3	109.92984E-9	-12.408924E+0	110.03120E-9	-13.696819E+0
-568.62742E-3	109.94187E-9	-13.091431E+0	110.03620E-9	-14.869194E+0
-560.78428E-3	109.94781E-9	-13.806432E+0	110.04176E-9	-14.143357E+0
-552.94114E-3	109.95355E-9	-14.114469E+0	110.03640E-9	-12.536417E+0
-545.09801E-3	109.97448E-9	-12.256069E+0	110.04793E-9	-13.447839E+0
-537.25487E-3	109.97484E-9	-13.564221E+0	110.05627E-9	-14.500052E+0
-529.41173E-3	109.97032E-9	-14.270031E+0	110.05216E-9	-13.654811E+0
-521.56860E-3	109.97815E-9	-13.468946E+0	110.06119E-9	-13.119233E+0
-513.72546E-3	109.98509E-9	-12.362792E+0	110.07566E-9	-13.844203E+0
-505.88232E-3	109.99512E-9	-13.603518E+0	110.07885E-9	-14.137965E+0
-498.03919E-3	109.97937E-9	-14.344389E+0	110.09078E-9	-12.844275E+0
-490.19605E-3	109.99366E-9	-12.218349E+0	110.08308E-9	-13.775715E+0
-482.35291E-3	109.99155E-9	-12.673905E+0	110.10165E-9	-14.097219E+0
-474.50978E-3	110.00721E-9	-13.328567E+0	110.10886E-9	-13.288233E+0
-466.66664E-3	110.00748E-9	-13.315124E+0	110.11808E-9	-12.481785E+0
-458.82350E-3	110.02214E-9	-11.619515E+0	110.12160E-9	-13.434574E+0
-450.98037E-3	110.03776E-9	-12.587777E+0	110.13054E-9	-13.870805E+0
-443.13723E-3	110.04046E-9	-13.444480E+0	110.13481E-9	-12.459414E+0
-435.29409E-3	110.05032E-9	-12.646512E+0	110.14111E-9	-12.278069E+0
-427.45095E-3	110.05926E-9	-11.871756E+0	110.14151E-9	-13.577812E+0
-419.60782E-3	110.06983E-9	-12.746952E+0	110.15593E-9	-13.361566E+0
-411.76468E-3	110.06611E-9	-13.675335E+0	110.15293E-9	-11.717884E+0
-403.92154E-3	110.07764E-9	-12.051230E+0	110.14833E-9	-12.140437E+0
-396.07841E-3	110.07607E-9	-11.962230E+0	110.14767E-9	-12.991237E+0
-388.23527E-3	110.09269E-9	-12.828016E+0	110.15392E-9	-12.779401E+0
-380.39213E-3	110.08775E-9	-13.046052E+0	110.15477E-9	-11.505564E+0
-372.54900E-3	110.09305E-9	-11.371348E+0	110.13909E-9	-12.092064E+0
-364.70586E-3	110.09689E-9	-12.450012E+0	110.14100E-9	-12.846620E+0
-356.86272E-3	110.09848E-9	-13.335777E+0	110.14809E-9	-12.145683E+0
-349.01959E-3	110.08544E-9	-13.219797E+0	110.14113E-9	-12.031629E+0
-341.17645E-3	110.07065E-9	-12.002656E+0	110.13801E-9	-12.963137E+0
-333.33331E-3	110.08448E-9	-12.854287E+0	110.15639E-9	-12.817119E+0
-325.49018E-3	110.07790E-9	-13.428242E+0	110.16289E-9	-11.211438E+0
-317.64704E-3	110.07658E-9	-11.572608E+0	110.14252E-9	-11.707396E+0
-309.80390E-3	110.07430E-9	-11.953650E+0	110.13800E-9	-12.660908E+0
-301.96077E-3	110.07748E-9	-12.487452E+0	110.13318E-9	-12.567609E+0
-294.11763E-3	110.08836E-9	-12.859966E+0	110.14608E-9	-11.238743E+0
-286.27449E-3	110.07982E-9	-11.256329E+0	110.14212E-9	-12.334887E+0
-278.43136E-3	110.08055E-9	-12.634667E+0	110.14512E-9	-13.382927E+0
-270.58822E-3	110.07766E-9	-12.729978E+0	110.15646E-9	-11.959526E+0
-262.74508E-3	110.08417E-9	-12.644163E+0	110.15047E-9	-11.082215E+0
-254.90195E-3	110.07731E-9	-11.474503E+0	110.14942E-9	-11.966743E+0
-247.05875E-3	110.08066E-9	-12.176089E+0	110.13542E-9	-12.194579E+0
-239.21561E-3	110.08870E-9	-12.879329E+0	110.13953E-9	-11.179734E+0
-231.37248E-3	110.09595E-9	-11.447758E+0	110.13059E-9	-11.559430E+0
-223.52934E-3	110.09003E-9	-11.665495E+0	110.11614E-9	-11.663055E+0
-215.68620E-3	110.09897E-9	-12.219690E+0	110.10701E-9	-11.603272E+0
-207.84307E-3	110.10370E-9	-12.243846E+0	110.10441E-9	-11.064181E+0
-199.99993E-3	110.10833E-9	-10.730084E+0	110.10883E-9	-12.022959E+0
-192.15679E-3	110.09561E-9	-12.175658E+0	110.10040E-9	-12.704768E+0
-184.31365E-3	110.09676E-9	-12.387753E+0	110.09823E-9	-11.646801E+0
-176.47052E-3	110.10756E-9	-12.129354E+0	110.11052E-9	-11.357823E+0
-168.62738E-3	110.09781E-9	-11.213688E+0	110.12116E-9	-12.662850E+0
-160.78424E-3	110.09649E-9	-12.362224E+0	110.11453E-9	-12.433608E+0
-152.94111E-3	110.08631E-9	-12.973005E+0	110.11721E-9	-10.672050E+0
-145.09797E-3	110.09725E-9	-11.343487E+0	110.11045E-9	-10.876798E+0
-137.25483E-3	110.08799E-9	-11.511538E+0	110.11107E-9	-11.914878E+0
-129.41170E-3	110.09324E-9	-12.020469E+0	110.09946E-9	-11.902149E+0
-121.56856E-3	110.10059E-9	-12.403264E+0	110.09197E-9	-10.982728E+0
-113.72542E-3	110.10629E-9	-10.623136E+0	110.10389E-9	-11.525475E+0
-105.88229E-3	110.11031E-9	-11.916323E+0	110.10617E-9	-12.111278E+0
-98.039150E-3	110.10140E-9	-12.288471E+0	110.09175E-9	-11.396834E+0
-90.196013E-3	110.11061E-9	-11.986877E+0	110.09423E-9	-11.216472E+0
-82.352877E-3	110.11008E-9	-11.040461E+0	110.10084E-9	-11.972893E+0
-74.509740E-3	110.10651E-9	-11.994285E+0	110.09341E-9	-11.609286E+0
-66.666603E-3	110.09440E-9	-12.790123E+0	110.08343E-9	-10.765807E+0
-58.823466E-3	110.11035E-9	-10.914431E+0	110.08095E-9	-11.327796E+0
-50.980330E-3	110.10429E-9	-11.309545E+0	110.08250E-9	-12.281033E+0
-43.137193E-3	110.09548E-9	-12.092716E+0	110.07574E-9	-11.926908E+0
-35.294056E-3	110.09774E-9	-12.400008E+0	110.06988E-9	-10.255501E+0
-27.450919E-3	110.10709E-9	-10.618208E+0	110.06401E-9	-11.309819E+0
-19.607782E-3	110.11239E-9	-11.330755E+0	110.07370E-9	-12.549036E+0
-11.764646E-3	110.11172E-9	-12.081364E+0	110.06831E-9	-11.339566E+0
-3.9215088E-3	110.11283E-9	-12.013800E+0	110.05949E-9	-10.578478E+0
3.9216280E-3	110.11586E-9	-10.778883E+0	110.05764E-9	-11.540789E+0
11.764765E-3	110.11962E-9	-11.679663E+0	110.05770E-9	-12.236774E+0
19.607902E-3	110.11296E-9	-12.842964E+0	110.05337E-9	-10.872951E+0
27.451038E-3	110.11414E-9	-11.153327E+0	110.04381E-9	-11.261206E+0
35.294175E-3	110.11681E-9	-11.078412E+0	110.04790E-9	-11.980077E+0
43.137312E-3	110.12307E-9	-12.015162E+0	110.05631E-9	-11.887118E+0
50.980449E-3	110.11424E-9	-12.324245E+0	110.05045E-9	-11.074500E+0
58.823586E-3	110.11738E-9	-10.388961E+0	110.04540E-9	-11.825379E+0
66.666722E-3	110.12330E-9	-11.608995E+0	110.04852E-9	-11.947753E+0
74.509859E-3	110.12672E-9	-12.075370E+0	110.04596E-9	-11.281147E+0
82.352996E-3	110.12183E-9	-11.931406E+0	110.03861E-9	-10.908852E+0
90.196133E-3	110.13793E-9	-10.508098E+0	110.03171E-9	-11.892850E+0
98.039269E-3	110.14686E-9	-11.541991E+0	110.04182E-9	-12.775029E+0
105.88241E-3	110.14977E-9	-12.007479E+0	110.03662E-9	-10.650068E+0
113.72554E-3	110.15714E-9	-10.696503E+0	110.03467E-9	-11.077612E+0
121.56868E-3	110.17187E-9	-10.775492E+0	110.03267E-9	-12.379870E+0
129.41182E-3	110.18701E-9	-11.470683E+0	110.02855E-9	-12.446225E+0
137.25495E-3	110.17156E-9	-12.692658E+0	110.03485E-9	-11.183039E+0
145.09809E-3	110.17297E-9	-10.854619E+0	110.03679E-9	-11.304918E+0
152.94123E-3	110.17146E-9	-11.744607E+0	110.03790E-9	-12.070269E+0
160.78436E-3	110.17134E-9	-12.353765E+0	110.03682E-9	-12.063694E+0
168.62750E-3	110.16437E-9	-12.269258E+0	110.03635E-9	-11.425979E+0
176.47064E-3	110.15781E-9	-11.261526E+0	110.03539E-9	-12.205725E+0
184.31377E-3	110.15673E-9	-12.181688E+0	110.03296E-9	-12.694067E+0
192.15691E-3	110.15666E-9	-12.922344E+0	110.03240E-9	-11.027038E+0
200.00005E-3	110.15251E-9	-11.642389E+0	110.03061E-9	-11.334191E+0
207.84318E-3	110.14599E-9	-11.890270E+0	110.01404E-9	-12.163584E+0
215.68632E-3	110.14782E-9	-12.259872E+0	110.00942E-9	-12.013254E+0
223.52946E-3	110.14706E-9	-12.832079E+0	110.01197E-9	-11.285807E+0
231.37259E-3	110.14187E-9	-11.282347E+0	110.01392E-9	-12.037777E+0
239.21573E-3	110.12890E-9	-12.359289E+0	110.01825E-9	-13.157635E+0
247.05887E-3	110.13375E-9	-12.769656E+0	110.02738E-9	-12.238695E+0
254.90201E-3	110.13447E-9	-12.643663E+0	110.03404E-9	-10.716839E+0
262.74514E-3	110.12452E-9	-11.583020E+0	110.02432E-9	-11.763935E+0
270.58828E-3	110.11794E-9	-12.307062E+0	110.01288E-9	-12.634468E+0
278.43142E-3	110.12224E-9	-13.052593E+0	110.00776E-9	-11.319111E+0
286.27455E-3	110.11912E-9	-12.147530E+0	109.99945E-9	-11.088693E+0
294.11769E-3	110.09710E-9	-12.274884E+0	109.99052E-9	-11.924035E+0
301.96083E-3	110.09538E-9	-12.934490E+0	109.96576E-9	-11.655644E+0
309.80396E-3	110.08582E-9	-13.691389E+0	109.96560E-9	-11.215816E+0
317.64710E-3	110.08694E-9	-11.773873E+0	109.94685E-9	-11.795055E+0
325.49024E-3	110.07126E-9	-13.072890E+0	109.93490E-9	-12.370915E+0
333.33337E-3	110.06109E-9	-13.405734E+0	109.91903E-9	-11.670947E+0
341.17651E-3	110.06459E-9	-12.971168E+0	109.91327E-9	-11.048409E+0
349.01965E-3	110.05715E-9	-12.013640E+0	109.90588E-9	-12.213878E+0
356.86278E-3	110.04555E-9	-13.031236E+0	109.89106E-9	-12.802480E+0
364.70592E-3	110.04311E-9	-13.718093E+0	109.87944E-9	-11.400956E+0
372.54906E-3	110.05135E-9	-12.765626E+0	109.87698E-9	-11.498598E+0
380.39219E-3	110.03567E-9	-12.279773E+0	109.87291E-9	-12.605093E+0
388.23533E-3	110.02906E-9	-13.210283E+0	109.85202E-9	-12.793304E+0
396.07847E-3	110.03130E-9	-13.798030E+0	109.83530E-9	-11.366596E+0
403.92160E-3	110.03616E-9	-12.006357E+0	109.82752E-9	-11.512791E+0
411.76474E-3	110.01423E-9	-13.155192E+0	109.80838E-9	-12.604389E+0
419.60788E-3	110.00009E-9	-13.932393E+0	109.78355E-9	-12.160267E+0
427.45101E-3	109.99228E-9	-13.592560E+0	109.76999E-9	-11.469477E+0
435.29415E-3	109.98804E-9	-12.336795E+0	109.76091E-9	-12.408698E+0
443.13729E-3	109.97995E-9	-13.639858E+0	109.74937E-9	-12.711373E+0
450.98042E-3	109.96616E-9	-14.107740E+0	109.72327E-9	-11.835502E+0
458.82356E-3	109.96670E-9	-12.987171E+0	109.71594E-9	-12.514480E+0
466.66670E-3	109.96515E-9	-12.809730E+0	109.71702E-9	-13.597399E+0
474.50984E-3	109.95870E-9	-13.834126E+0	109.70093E-9	-13.271349E+0
482.35297E-3	109.94892E-9	-14.165782E+0	109.69705E-9	-12.166759E+0
490.19611E-3	109.95596E-9	-12.363888E+0	109.69359E-9	-12.905926E+0
498.03925E-3	109.94772E-9	-13.300314E+0	109.69458E-9	-14.190632E+0
505.88250E-3	109.94313E-9	-14.032519E+0	109.69074E-9	-13.310226E+0
513.72564E-3	109.93511E-9	-14.030262E+0	109.68289E-9	-12.378506E+0
521.56878E-3	109.93841E-9	-12.499305E+0	109.67578E-9	-13.272475E+0
529.41191E-3	109.93786E-9	-13.790467E+0	109.67069E-9	-14.189551E+0
537.25505E-3	109.93277E-9	-14.266001E+0	109.66802E-9	-12.904980E+0
545.09819E-3	109.93102E-9	-13.588213E+0	109.64920E-9	-12.801655E+0
552.94132E-3	109.93573E-9	-13.221504E+0	109.64877E-9	-13.767989E+0
560.78446E-3	109.93321E-9	-14.171603E+0	109.64023E-9	-13.891418E+0
568.62760E-3	109.91658E-9	-15.139544E+0	109.63966E-9	-13.276639E+0
576.47073E-3	109.91648E-9	-13.077708E+0	109.62727E-9	-14.056342E+0
584.31387E-3	109.91360E-9	-14.248318E+0	109.63697E-9	-14.947575E+0
592.15701E-3	109.91787E-9	-14.706278E+0	109.64662E-9	-13.822159E+0
600.00014E-3	109.90858E-9	-14.257059E+0	109.64149E-9	-13.765027E+0
607.84328E-3	109.90323E-9	-13.112959E+0	109.63712E-9	-14.592701E+0
615.68642E-3	109.91233E-9	-14.525262E+0	109.64274E-9	-15.251769E+0
623.52955E-3	109.89650E-9	-15.291171E+0	109.64151E-9	-13.621106E+0
631.37269E-3	109.89137E-9	-14.519320E+0	109.63492E-9	-13.567840E+0
639.21583E-3	109.88487E-9	-14.104312E+0	109.63339E-9	-14.884741E+0
647.05896E-3	109.88543E-9	-14.745902E+0	109.62790E-9	-14.831923E+0
654.90210E-3	109.86862E-9	-15.771321E+0	109.63202E-9	-13.253819E+0
662.74524E-3	109.86014E-9	-14.085526E+0	109.61654E-9	-14.188225E+0
670.58837E-3	109.85219E-9	-14.829650E+0	109.61599E-9	-15.204371E+0
678.43151E-3	109.85043E-9	-15.349937E+0	109.62085E-9	-14.888600E+0
686.27465E-3	109.84387E-9	-15.443269E+0	109.62081E-9	-14.225711E+0
694.11778E-3	109.83869E-9	-13.757031E+0	109.60965E-9	-14.537694E+0
701.96092E-3	109.82377E-9	-15.256626E+0	109.59536E-9	-15.385080E+0
709.80406E-3	109.82704E-9	-15.579795E+0	109.59646E-9	-14.164781E+0
717.64719E-3	109.82343E-9	-14.657548E+0	109.59189E-9	-14.234321E+0
725.49033E-3	109.80323E-9	-15.145647E+0	109.57366E-9	-15.428514E+0
733.33347E-3	109.80243E-9	-15.897779E+0	109.56339E-9	-15.434150E+0
741.17661E-3	109.79635E-9	-16.222017E+0	109.57422E-9	-14.523510E+0
749.01974E-3	109.78593E-9	-14.626922E+0	109.57217E-9	-15.377766E+0
756.86288E-3	109.77678E-9	-15.400408E+0	109.56404E-9	-16.195751E+0
764.70602E-3	109.76904E-9	-16.382490E+0	109.57031E-9	-15.315467E+0
772.54915E-3	109.76801E-9	-16.504986E+0	109.56475E-9	-14.557107E+0
780.39229E-3	109.74955E-9	-15.243956E+0	109.55712E-9	-15.278729E+0
788.23543E-3	109.73965E-9	-16.467365E+0	109.53705E-9	-16.488895E+0
796.07856E-3	109.73690E-9	-16.952465E+0	109.53893E-9	-15.029019E+0
803.92170E-3	109.73146E-9	-15.867702E+0	109.52812E-9	-14.789474E+0
811.76484E-3	109.70705E-9	-16.187382E+0	109.51557E-9	-15.809814E+0
819.60797E-3	109.69684E-9	-16.944292E+0	109.49825E-9	-16.195253E+0
827.45111E-3	109.69086E-9	-17.133661E+0	109.49184E-9	-14.970689E+0
835.29425E-3	109.68157E-9	-15.809916E+0	109.48293E-9	-16.071699E+0
843.13738E-3	109.65864E-9	-17.034128E+0	109.47716E-9	-16.660675E+0
850.98052E-3	109.64910E-9	-17.844166E+0	109.46452E-9	-15.457043E+0
858.82366E-3	109.63472E-9	-17.036146E+0	109.46123E-9	-15.703490E+0
866.66679E-3	109.63368E-9	-15.696179E+0	109.45654E-9	-16.267672E+0
874.50993E-3	109.61839E-9	-17.480171E+0	109.44238E-9	-17.091473E+0
882.35307E-3	109.60497E-9	-18.163254E+0	109.43180E-9	-15.613905E+0
890.19620E-3	109.60612E-9	-16.689026E+0	109.42350E-9	-15.974997E+0
898.03934E-3	109.58597E-9	-17.000938E+0	109.41932E-9	-17.242826E+0
905.88248E-3	109.57375E-9	-18.057411E+0	109.40398E-9	-17.448915E+0
913.72561E-3	109.55983E-9	-18.619740E+0	109.40025E-9	-16.231579E+0
921.56875E-3	109.55148E-9	-17.125032E+0	109.39632E-9	-16.927885E+0
929.41189E-3	109.53703E-9	-17.901739E+0	109.39988E-9	-17.983809E+0
937.25502E-3	109.51750E-9	-18.910231E+0	109.38825E-9	-17.338850E+0
945.09816E-3	109.50284E-9	-18.501427E+0	109.39459E-9	-17.361881E+0
952.94130E-3	109.49600E-9	-17.291847E+0	109.39953E-9	-17.869377E+0
960.78444E-3	109.48671E-9	-18.723143E+0	109.40867E-9	-18.272572E+0
968.62757E-3	109.47433E-9	-19.054363E+0	109.39736E-9	-17.452925E+0
976.47071E-3	109.46677E-9	-17.528475E+0	109.40209E-9	-18.313274E+0
984.31385E-3	109.45578E-9	-17.628931E+0	109.41468E-9	-19.135265E+0
992.15698E-3	109.45561E-9	-19.129551E+0	109.43145E-9	-19.097874E+0
1.0000000E+0	109.44533E-9	-18.939207E+0	109.43398E-9	-17.847637E+0
