Experiment	Z spectroscopy	
Saved Date	07.11.2019 11:22:35	
User		
X (m)	5.00196E-6	
Y (m)	-1.45144E-6	
Z (m)	-98.1261E-9	
Z offset (m)	10E-9	
Z sweep distance (m)	30E-9	
Settling time (s)	200E-6	
Integration time (s)	100E-6	
Final Z (m)	N/A	
Start time	07.11.2019 11:21:39	
Filter type	None	
Order		
Cutoff frq		

[DATA]
Z rel (m)	Vert. Deflection (V)	OC D1 Phase (deg)	OC D1 Amplitude (m)	OC M1 Freq. Shift (Hz)	Vert. Deflection [bwd] (V)	OC D1 Phase [bwd] (deg)	OC D1 Amplitude [bwd] (m)	OC M1 Freq. Shift [bwd] (Hz)
9.9999999E-9	68.554685E-3	67.101844E-3	103.62747E-9	-24.044363E+0	164.34479E-3	548.62291E-3	25.237236E-9	-80.968155E+0
9.8823527E-9	69.853209E-3	24.393408E-3	103.79500E-9	-27.800060E+0	165.96985E-3	584.44506E-3	24.569461E-9	-81.343246E+0
9.7647055E-9	68.525188E-3	62.368989E-3	104.07292E-9	-22.272490E+0	170.79976E-3	576.45738E-3	23.907331E-9	-78.828522E+0
9.6470592E-9	67.564905E-3	35.168756E-3	104.19154E-9	-24.219067E+0	176.51825E-3	561.20878E-3	23.275772E-9	-86.587540E+0
9.5294119E-9	68.139143E-3	40.393345E-3	104.41629E-9	-28.687496E+0	179.67123E-3	561.99509E-3	22.644178E-9	-87.270119E+0
9.4117647E-9	69.694012E-3	40.762320E-3	104.58779E-9	-23.329390E+0	184.83022E-3	536.26829E-3	22.027084E-9	-88.992043E+0
9.2941175E-9	68.412274E-3	44.313040E-3	104.69449E-9	-27.210230E+0	189.80357E-3	537.11170E-3	21.419188E-9	-96.845062E+0
9.1764703E-9	69.480389E-3	14.033120E-3	104.92915E-9	-26.677666E+0	192.52472E-3	483.01834E-3	20.855136E-9	-99.371384E+0
9.0588230E-9	69.516502E-3	63.141011E-3	105.06430E-9	-22.628151E+0	194.48751E-3	586.16847E-3	20.293362E-9	-91.417389E+0
8.9411767E-9	69.365948E-3	-9.4699794E-3	105.22149E-9	-27.346130E+0	198.41410E-3	497.45944E-3	19.736532E-9	-100.49938E+0
8.8235295E-9	69.247946E-3	62.377039E-3	105.39062E-9	-26.583931E+0	203.15145E-3	539.90102E-3	19.208409E-9	-105.22784E+0
8.7058822E-9	69.700629E-3	3.0012839E-3	105.50445E-9	-23.413464E+0	204.73124E-3	517.94696E-3	18.666620E-9	-101.05644E+0
8.5882350E-9	67.821249E-3	37.871819E-3	105.71095E-9	-28.095247E+0	210.20609E-3	525.57892E-3	18.113731E-9	-103.91678E+0
8.4705878E-9	67.907713E-3	13.578211E-3	105.77847E-9	-25.763121E+0	214.86156E-3	490.78470E-3	17.640698E-9	-112.37379E+0
8.3529414E-9	69.164023E-3	34.853347E-3	105.98623E-9	-22.187468E+0	218.98600E-3	492.64085E-3	17.134386E-9	-112.42413E+0
8.2352942E-9	68.856306E-3	15.819347E-3	106.12614E-9	-27.369015E+0	221.69037E-3	569.97418E-3	16.619031E-9	-107.04628E+0
8.1176470E-9	68.072505E-3	31.822763E-3	106.27059E-9	-25.071623E+0	226.67389E-3	485.30996E-3	16.176610E-9	-114.84465E+0
7.9999998E-9	67.827351E-3	16.659597E-3	106.42652E-9	-24.908903E+0	230.63609E-3	569.45050E-3	15.679802E-9	-113.56679E+0
7.8823525E-9	68.341069E-3	30.048076E-3	106.52190E-9	-29.003736E+0	232.54548E-3	529.90103E-3	15.233082E-9	-112.36891E+0
7.7647062E-9	68.029784E-3	783.67983E-6	106.66153E-9	-24.709831E+0	237.00459E-3	544.00480E-3	14.759010E-9	-117.29446E+0
7.6470590E-9	68.991601E-3	40.556327E-3	106.78173E-9	-24.605339E+0	242.04865E-3	516.88689E-3	14.305179E-9	-122.59763E+0
7.5294118E-9	69.305927E-3	-16.201921E-3	106.94848E-9	-29.780380E+0	245.93709E-3	522.04335E-3	13.851277E-9	-121.78460E+0
7.4117645E-9	68.228655E-3	45.226406E-3	107.03161E-9	-23.517910E+0	250.69937E-3	466.73331E-3	13.422092E-9	-128.16331E+0
7.2941173E-9	68.578079E-3	-8.0014430E-3	107.12277E-9	-27.594862E+0	253.95051E-3	540.73143E-3	12.936975E-9	-124.85452E+0
7.1764705E-9	68.964131E-3	18.866410E-3	107.27933E-9	-26.572187E+0	259.25905E-3	507.12681E-3	12.455222E-9	-131.08298E+0
7.0588237E-9	70.471190E-3	13.189867E-3	107.35641E-9	-23.332424E+0	265.13979E-3	477.82439E-3	12.052920E-9	-130.21991E+0
6.9411765E-9	69.156393E-3	-5.0726621E-3	107.49139E-9	-26.670992E+0	268.64117E-3	471.15469E-3	11.595706E-9	-134.15808E+0
6.8235293E-9	70.289612E-3	23.124941E-3	107.61065E-9	-27.996632E+0	272.48842E-3	538.97423E-3	11.194664E-9	-134.95708E+0
6.7058821E-9	69.736227E-3	7.6164752E-3	107.66318E-9	-24.090649E+0	277.61942E-3	553.97791E-3	10.705537E-9	-130.07628E+0
6.5882353E-9	69.660440E-3	1.4867102E-3	107.81068E-9	-29.389046E+0	284.72900E-3	543.10811E-3	10.256797E-9	-133.90550E+0
6.4705881E-9	68.889871E-3	22.316225E-3	107.83319E-9	-26.023798E+0	291.57767E-3	490.19638E-3	9.8414974E-9	-138.94017E+0
6.3529413E-9	68.614200E-3	-228.62270E-6	107.97454E-9	-24.090721E+0	299.17654E-3	501.37556E-3	9.3817007E-9	-146.68166E+0
6.2352941E-9	68.376668E-3	21.067845E-3	108.02018E-9	-27.571829E+0	305.92957E-3	566.42246E-3	9.0550891E-9	-135.52669E+0
6.1176468E-9	69.349162E-3	4.9583758E-3	108.11032E-9	-26.607491E+0	310.59113E-3	508.95864E-3	8.6965981E-9	-141.14943E+0
6.0000001E-9	69.447838E-3	18.594807E-3	108.23415E-9	-24.302153E+0	317.97689E-3	567.78514E-3	8.3453688E-9	-142.51700E+0
5.8823528E-9	69.783024E-3	4.2630271E-3	108.24154E-9	-29.886410E+0	322.29155E-3	528.62126E-3	7.9872828E-9	-146.61758E+0
5.7647060E-9	68.048604E-3	-62.391126E-6	108.39775E-9	-23.802059E+0	327.60009E-3	536.91202E-3	7.6395859E-9	-143.53183E+0
5.6470588E-9	69.450885E-3	24.031237E-3	108.46590E-9	-24.725992E+0	335.74370E-3	597.74965E-3	7.2348652E-9	-139.85316E+0
5.5294116E-9	69.322713E-3	-27.563391E-3	108.54863E-9	-29.314907E+0	345.61616E-3	551.33802E-3	6.8743522E-9	-149.42984E+0
5.4117648E-9	68.648279E-3	34.002073E-3	108.66091E-9	-24.743717E+0	350.05850E-3	617.49971E-3	6.5549703E-9	-150.08759E+0
5.2941176E-9	68.982445E-3	-19.369595E-3	108.71577E-9	-27.016876E+0	356.94733E-3	851.01306E-3	6.1414474E-9	-135.97600E+0
5.1764704E-9	68.372093E-3	13.272485E-3	108.84527E-9	-28.621195E+0	364.25933E-3	1.2153759E+0	5.8210885E-9	-130.40753E+0
5.0588236E-9	68.822227E-3	7.8037134E-3	108.83344E-9	-22.939144E+0	371.80531E-3	1.0806489E+0	5.4100679E-9	-143.87614E+0
4.9411764E-9	69.091797E-3	-5.8118068E-3	108.92102E-9	-28.426498E+0	378.59192E-3	1.4857972E+0	4.8813580E-9	-132.22014E+0
4.8235291E-9	69.868468E-3	4.1634152E-3	108.96625E-9	-28.652979E+0	386.51019E-3	1.8657809E+0	4.2596673E-9	-128.38300E+0
4.7058824E-9	69.316611E-3	5.5112508E-3	109.03057E-9	-26.240141E+0	395.61158E-3	2.6258049E+0	3.1917233E-9	-77.056000E+0
4.5882351E-9	68.766274E-3	-19.940916E-3	109.13246E-9	-29.538252E+0	414.71455E-3	20.406422E+0	1.3045471E-9	-106.46364E+0
4.4705883E-9	69.688417E-3	23.169834E-3	109.14175E-9	-27.286798E+0	3.2531850E+0	-4.3929343E+0	18.673603E-12	-138.67868E+0
4.3529411E-9	69.429524E-3	-20.064088E-3	109.24563E-9	-23.102440E+0	3.2731655E+0	32.042465E+0	26.337122E-12	-141.79622E+0
4.2352939E-9	69.918826E-3	26.780190E-3	109.27611E-9	-28.402439E+0	3.2901042E+0	22.767097E+0	12.535787E-12	-146.60979E+0
4.1176471E-9	70.174657E-3	-32.958895E-3	109.31084E-9	-27.671703E+0	3.2918010E+0	-23.030756E+0	24.813377E-12	-161.73944E+0
3.9999999E-9	70.233658E-3	29.987812E-3	109.34819E-9	-24.892422E+0	3.2758620E+0	44.317516E+0	12.898335E-12	-141.25098E+0
3.8823531E-9	70.753992E-3	-33.132251E-3	109.39211E-9	-30.170000E+0	3.2630987E+0	19.391329E+0	13.714845E-12	-192.94716E+0
3.7647059E-9	69.746912E-3	20.395329E-3	109.47620E-9	-24.515656E+0	3.2674115E+0	-50.451813E+0	29.161534E-12	-196.07181E+0
3.6470587E-9	70.263669E-3	-13.570402E-3	109.46548E-9	-26.229555E+0	3.2583706E+0	-388.49387E-3	25.344326E-12	-162.11165E+0
3.5294119E-9	70.086159E-3	-9.3697282E-3	109.56148E-9	-31.449821E+0	3.2330837E+0	18.151224E+0	30.035748E-12	-224.77023E+0
3.4117646E-9	69.631450E-3	-4.2215385E-3	109.55712E-9	-26.985828E+0	3.2146838E+0	-48.492039E+0	34.479704E-12	-244.44910E+0
3.2941174E-9	70.164993E-3	-4.1369065E-3	109.57238E-9	-28.198246E+0	3.2000275E+0	-39.551411E+0	43.320549E-12	-221.59210E+0
3.1764706E-9	71.250409E-3	-23.265880E-3	109.63363E-9	-29.702154E+0	3.1778259E+0	-60.235737E+0	24.371371E-12	-177.86461E+0
3.0588234E-9	70.527650E-3	19.064637E-3	109.62346E-9	-25.313890E+0	3.1554408E+0	-127.45706E+0	28.919431E-12	-228.40459E+0
2.9411762E-9	70.555627E-3	-41.040007E-3	109.73250E-9	-28.919636E+0	3.1312010E+0	-7.6298566E+0	20.710307E-12	-163.80807E+0
2.8235294E-9	70.950828E-3	19.785658E-3	109.78917E-9	-30.463047E+0	3.1133204E+0	-81.795944E+0	21.130622E-12	-224.43782E+0
2.7058822E-9	70.733137E-3	-35.500482E-3	109.82689E-9	-26.161352E+0	3.0962336E+0	-92.951324E+0	11.717318E-12	-135.16376E+0
2.5882354E-9	70.881650E-3	11.018661E-3	109.86871E-9	-28.520494E+0	3.0762386E+0	-50.520145E+0	25.330483E-12	-184.14923E+0
2.4705882E-9	70.280969E-3	-28.430119E-3	109.84427E-9	-29.998831E+0	3.0491755E+0	-17.035662E+0	16.548461E-12	-159.43658E+0
2.3529410E-9	70.439145E-3	-4.2523383E-3	109.92876E-9	-24.928719E+0	3.0195088E+0	-33.390182E+0	19.374904E-12	-175.09576E+0
2.2352937E-9	70.793152E-3	-18.928893E-3	109.91090E-9	-30.270197E+0	2.9992366E+0	-101.72158E+0	16.792619E-12	-146.63394E+0
2.1176474E-9	70.967101E-3	-16.771365E-3	110.00434E-9	-29.809114E+0	2.9866054E+0	-26.698540E+0	27.855598E-12	-175.07117E+0
2.0000002E-9	69.660440E-3	-8.7568322E-3	110.00647E-9	-27.391333E+0	2.9696305E+0	-2.8154068E+0	19.215369E-12	-169.28192E+0
1.8823529E-9	70.766196E-3	-25.669688E-3	109.99175E-9	-32.072613E+0	2.9414551E+0	5.7013869E+0	21.918353E-12	-134.92618E+0
1.7647057E-9	69.908142E-3	-13.384232E-3	110.03960E-9	-28.650591E+0	2.9143987E+0	-39.813839E+0	12.669323E-12	-127.71301E+0
1.6470585E-9	70.477299E-3	-1.6777621E-3	110.04144E-9	-26.850769E+0	2.8993776E+0	-55.018639E+0	22.659033E-12	-189.92395E+0
1.5294122E-9	69.753520E-3	-40.093690E-3	110.17698E-9	-33.597878E+0	2.8783305E+0	-100.82893E+0	29.386098E-12	-209.84673E+0
1.4117649E-9	71.205139E-3	4.7188192E-3	110.14261E-9	-28.387281E+0	2.8464036E+0	1.2356771E+0	7.7304786E-12	-125.27313E+0
1.2941177E-9	70.743307E-3	-33.345468E-3	110.18540E-9	-29.311491E+0	2.8284540E+0	-18.261017E+0	27.685168E-12	-182.80457E+0
1.1764705E-9	71.123250E-3	-16.534489E-3	110.23577E-9	-30.522188E+0	2.8133769E+0	-75.839027E+0	9.7564222E-12	-167.81630E+0
1.0588233E-9	70.962012E-3	-12.530321E-3	110.25345E-9	-27.791962E+0	2.7829773E+0	-69.812759E+0	15.946671E-12	-188.48976E+0
941.17603E-12	73.292032E-3	-56.907192E-3	110.25216E-9	-30.422363E+0	2.7545564E+0	16.850475E+0	22.057363E-12	-126.84757E+0
823.52969E-12	75.203963E-3	-43.990582E-3	110.08878E-9	-37.366657E+0	2.7439203E+0	-4.9400511E+0	24.145493E-12	-156.40063E+0
705.88246E-12	76.196283E-3	-83.205186E-3	109.83248E-9	-32.705444E+0	2.7208688E+0	9.2940884E+0	28.366715E-12	-149.58286E+0
588.23524E-12	76.096088E-3	-69.297962E-3	109.57707E-9	-37.544312E+0	2.6916804E+0	52.468163E+0	23.416552E-12	-162.60040E+0
470.58801E-12	77.901714E-3	-108.09073E-3	109.14548E-9	-39.511997E+0	2.6742091E+0	-14.918296E+0	29.029569E-12	-175.24736E+0
352.94079E-12	75.834148E-3	-55.198926E-3	108.75514E-9	-34.136612E+0	2.6527660E+0	8.1278877E+0	24.380938E-12	-181.80614E+0
235.29445E-12	77.518210E-3	-106.13711E-3	108.15572E-9	-39.986881E+0	2.6183579E+0	108.40434E+0	13.933578E-12	-85.684746E+0
117.64723E-12	77.611290E-3	-74.207023E-3	107.72209E-9	-41.332745E+0	2.6049109E+0	-52.975605E+0	21.573545E-12	-186.73195E+0
0.0000000E+0	78.675844E-3	-87.865911E-3	107.06027E-9	-37.109119E+0	2.5937119E+0	-39.162930E+0	10.269549E-12	-171.67194E+0
-117.64723E-12	79.682924E-3	-122.82286E-3	106.21680E-9	-44.380302E+0	2.5564096E+0	-102.91022E+0	17.692129E-12	-203.04344E+0
-235.29445E-12	82.043454E-3	-134.25809E-3	105.34865E-9	-44.297203E+0	2.5254848E+0	-105.16847E+0	27.443509E-12	-234.60760E+0
-352.94168E-12	82.763672E-3	-152.34290E-3	104.53785E-9	-47.612568E+0	2.5140426E+0	-15.966538E+0	11.432539E-12	-128.36827E+0
-470.58801E-12	87.187193E-3	-266.85119E-3	103.74347E-9	-58.354515E+0	2.4861126E+0	13.301389E+0	24.374374E-12	-141.82423E+0
-588.23524E-12	90.296432E-3	-285.79092E-3	102.70375E-9	-65.447433E+0	2.4518514E+0	-60.853207E+0	42.535846E-12	-253.23615E+0
-705.88246E-12	92.555746E-3	-371.88783E-3	101.66828E-9	-65.821320E+0	2.4356930E+0	-51.704884E+0	23.400898E-12	-193.44087E+0
-823.52969E-12	94.322205E-3	-400.20171E-3	100.56424E-9	-76.303665E+0	2.4183216E+0	-40.734436E+0	21.200880E-12	-208.42216E+0
-941.17691E-12	97.629800E-3	-530.60704E-3	99.293871E-9	-90.653275E+0	2.3866012E+0	-53.373455E+0	16.240204E-12	-169.23494E+0
-1.0588233E-9	100.59103E-3	-544.56270E-3	97.779335E-9	-91.779457E+0	2.3621984E+0	-55.642422E+0	17.783438E-12	-151.32681E+0
-1.1764705E-9	94.312035E-3	-448.34998E-3	96.228277E-9	-83.766006E+0	2.3509872E+0	28.882698E+0	27.670539E-12	-117.36924E+0
-1.2941177E-9	92.338055E-3	-372.91849E-3	94.960015E-9	-79.228233E+0	2.3215511E+0	-48.264641E+0	33.979191E-12	-196.04414E+0
-1.4117649E-9	91.747537E-3	-301.98890E-3	93.781082E-9	-71.978798E+0	2.2888467E+0	-52.619240E+0	25.447028E-12	-217.94623E+0
-1.5294122E-9	92.351273E-3	-340.47028E-3	92.535991E-9	-75.007462E+0	2.2692938E+0	9.4514246E+0	30.638523E-12	-197.50984E+0
-1.6470585E-9	90.916954E-3	-248.05076E-3	91.092758E-9	-75.168320E+0	2.2441156E+0	-79.701126E+0	24.088856E-12	-225.89757E+0
-1.7647057E-9	93.449913E-3	-299.14236E-3	89.813526E-9	-72.833466E+0	2.2186193E+0	31.539415E+0	10.204097E-12	-158.99966E+0
-1.8823529E-9	98.556012E-3	-375.52422E-3	88.210655E-9	-84.234299E+0	2.2019038E+0	-79.288101E+0	28.665655E-12	-221.35266E+0
-2.0000002E-9	101.42720E-3	-481.34449E-3	86.068333E-9	-97.057350E+0	2.1843755E+0	-35.029633E+0	18.071912E-12	-184.09125E+0
-2.1176474E-9	103.60260E-3	-474.96611E-3	83.754912E-9	-100.19868E+0	2.1520615E+0	-43.190491E+0	28.442236E-12	-180.93852E+0
-2.2352937E-9	101.97652E-3	-422.63383E-3	82.056893E-9	-92.174202E+0	2.1218791E+0	-14.366763E+0	26.266812E-12	-157.59099E+0
-2.3529410E-9	103.12296E-3	-387.01791E-3	80.796539E-9	-92.105499E+0	2.0956790E+0	78.526932E+0	12.918099E-12	-141.78688E+0
-2.4705882E-9	105.71238E-3	-499.71017E-3	79.406632E-9	-107.79224E+0	2.0781362E+0	-47.902172E+0	24.274291E-12	-219.87817E+0
-2.5882354E-9	108.75499E-3	-580.59496E-3	77.824026E-9	-112.95182E+0	2.0613520E+0	-34.537136E+0	19.171883E-12	-196.09700E+0
-2.7058826E-9	109.47317E-3	-603.17665E-3	76.100847E-9	-119.70087E+0	2.0337555E+0	-65.728043E+0	23.564227E-12	-189.37613E+0
-2.8235299E-9	108.93962E-3	-622.14452E-3	74.439718E-9	-123.78379E+0	2.0110815E+0	-12.979494E+0	23.788381E-12	-189.89568E+0
-2.9411762E-9	111.98731E-3	-669.78300E-3	72.653499E-9	-128.96663E+0	1.9966909E+0	-116.29937E+0	14.939697E-12	-193.34366E+0
-3.0588234E-9	113.32296E-3	-751.67263E-3	70.582935E-9	-138.52682E+0	1.9648900E+0	19.529556E+0	22.449344E-12	-165.80667E+0
-3.1764706E-9	110.70862E-3	-617.95259E-3	67.925178E-9	-130.29532E+0	1.9296335E+0	-35.815418E+0	31.929862E-12	-202.06633E+0
-3.2941179E-9	105.21952E-3	-463.09435E-3	65.853030E-9	-118.78686E+0	1.9177150E+0	444.43384E-3	18.356828E-12	-150.00864E+0
-3.4117651E-9	101.27207E-3	-302.39299E-3	64.282638E-9	-97.280678E+0	1.9002243E+0	-70.473503E+0	17.852924E-12	-174.77359E+0
-3.5294114E-9	103.05633E-3	-321.32784E-3	62.730464E-9	-105.44180E+0	1.8677475E+0	-34.612213E+0	16.934145E-12	-161.15984E+0
-3.6470587E-9	103.05024E-3	-315.92941E-3	60.745208E-9	-108.64133E+0	1.8489685E+0	-76.648132E+0	25.254996E-12	-230.75421E+0
-3.7647059E-9	104.51050E-3	-334.34239E-3	59.148409E-9	-107.49641E+0	1.8278351E+0	-40.487221E+0	25.040784E-12	-169.44327E+0
-3.8823531E-9	110.70608E-3	-468.37074E-3	57.281991E-9	-120.99213E+0	1.7984325E+0	-76.332024E+0	33.176087E-12	-230.61513E+0
-4.0000003E-9	119.43919E-3	-783.25498E-3	54.494688E-9	-150.03976E+0	1.7767751E+0	37.462837E+0	22.850780E-12	-118.70798E+0
-4.1176476E-9	122.31089E-3	-1.0718713E+0	51.431616E-9	-181.67192E+0	1.7542399E+0	-92.681900E+0	24.324029E-12	-213.85011E+0
-4.2352939E-9	119.33848E-3	-973.61410E-3	49.544425E-9	-169.58308E+0	1.7123077E+0	-40.485195E+0	21.487626E-12	-199.74283E+0
-4.3529411E-9	116.54001E-3	-832.42697E-3	48.434504E-9	-163.70531E+0	1.6821767E+0	24.599024E+0	11.104548E-12	-150.25053E+0
-4.4705883E-9	118.10506E-3	-919.40534E-3	47.224695E-9	-178.39218E+0	1.6818655E+0	-60.700397E+0	26.960021E-12	-217.22397E+0
-4.5882356E-9	125.28686E-3	-1.3099161E+0	45.180219E-9	-206.03271E+0	1.6737584E+0	-47.160084E+0	22.961463E-12	-177.24730E+0
-4.7058828E-9	121.37451E-3	-1.2057128E+0	42.631232E-9	-196.83156E+0	1.6348491E+0	-35.592770E+0	18.528038E-12	-161.91551E+0
-4.8235291E-9	115.67280E-3	-1.0630718E+0	40.638138E-9	-190.74091E+0	1.6079829E+0	-37.320881E+0	21.314618E-12	-196.95549E+0
-4.9411772E-9	111.81691E-3	-852.44006E-3	38.916646E-9	-178.67485E+0	1.5848597E+0	-34.293354E+0	36.537114E-12	-195.15027E+0
-5.0588236E-9	112.93894E-3	-716.97342E-3	36.893368E-9	-173.63292E+0	1.5434748E+0	60.053577E+0	18.804305E-12	-133.09180E+0
-5.1764699E-9	110.85663E-3	-660.62170E-3	34.426645E-9	-164.99872E+0	1.5218613E+0	-71.624222E+0	29.396430E-12	-189.03775E+0
-5.2941180E-9	112.50000E-3	-469.03598E-3	31.625309E-9	-155.74835E+0	1.5171000E+0	-45.007694E+0	24.935871E-12	-190.41858E+0
-5.4117644E-9	111.93899E-3	-294.80392E-3	29.345676E-9	-143.54295E+0	1.4877595E+0	-15.301475E+0	20.861301E-12	-182.53331E+0
-5.5294125E-9	120.34556E-3	-624.94129E-3	27.478206E-9	-168.26120E+0	1.4531066E+0	-104.77770E+0	18.899231E-12	-197.68394E+0
-5.6470588E-9	130.35533E-3	-829.62817E-3	24.920871E-9	-184.16080E+0	1.4338816E+0	-58.978325E+0	16.591886E-12	-145.47342E+0
-5.7647052E-9	141.22772E-3	-1.1685508E+0	21.985041E-9	-202.69487E+0	1.4101975E+0	18.284836E+0	12.185872E-12	-128.13043E+0
-5.8823533E-9	145.54495E-3	-1.1364408E+0	18.900593E-9	-207.43669E+0	1.3798604E+0	-45.693302E+0	21.619873E-12	-206.06868E+0
-5.9999996E-9	162.28232E-3	-1.4678725E+0	15.805954E-9	-232.56969E+0	1.3560953E+0	48.842842E+0	20.631516E-12	-188.68851E+0
-6.1176477E-9	180.51249E-3	-880.89073E-3	11.934624E-9	-204.88324E+0	1.3407990E+0	-49.908443E+0	26.601481E-12	-200.27942E+0
-6.2352941E-9	182.44781E-3	215.64680E-3	8.1968130E-9	-116.19169E+0	1.3161438E+0	-87.297531E+0	16.286836E-12	-173.89946E+0
-6.3529404E-9	171.04951E-3	1.4299896E+0	6.4587051E-9	2.1062448E+0	1.2891397E+0	46.884296E+0	20.049379E-12	-150.18066E+0
-6.4705885E-9	180.25462E-3	2.6488175E+0	4.7982773E-9	87.450134E+0	1.2761973E+0	-22.060896E+0	16.454015E-12	-171.71170E+0
-6.5882348E-9	205.20325E-3	13.559123E+0	3.3746246E-9	193.72354E+0	1.2622517E+0	-28.905502E+0	38.539304E-12	-215.83707E+0
-6.7058830E-9	260.48127E-3	56.937691E+0	1.8492188E-9	290.37985E+0	1.2337464E+0	-35.689716E+0	20.760026E-12	-169.82573E+0
-6.8235293E-9	321.32262E-3	81.417419E+0	323.43833E-12	305.17578E+0	1.1984681E+0	-97.934532E+0	19.788860E-12	-186.25716E+0
-6.9411756E-9	340.51105E-3	75.154602E+0	403.96786E-12	305.17578E+0	1.1730845E+0	-62.839485E+0	22.134640E-12	-207.38432E+0
-7.0588237E-9	369.98191E-3	83.293785E+0	269.90996E-12	305.17578E+0	1.1548132E+0	35.470173E+0	20.641220E-12	-131.82756E+0
-7.1764701E-9	386.86877E-3	95.142761E+0	176.72573E-12	303.13013E+0	1.1388677E+0	-140.44142E+0	13.900965E-12	-166.43752E+0
-7.2941182E-9	402.27154E-3	95.097939E+0	143.16988E-12	301.08060E+0	1.1190271E+0	-22.153980E+0	29.579846E-12	-182.32123E+0
-7.4117645E-9	421.08968E-3	91.087440E+0	152.71832E-12	294.97827E+0	1.0861222E+0	-8.8570518E+0	37.029536E-12	-169.62796E+0
-7.5294126E-9	447.73203E-3	72.687714E+0	126.75724E-12	303.14093E+0	1.0567988E+0	-18.076351E+0	17.083255E-12	-175.14528E+0
-7.6470590E-9	498.48226E-3	65.029984E+0	50.104788E-12	231.20715E+0	1.0228531E+0	-81.319298E+0	24.798694E-12	-200.37270E+0
-7.7647053E-9	519.68181E-3	105.63040E+0	31.970166E-12	200.68144E+0	1.0005574E+0	6.6668930E+0	23.479775E-12	-132.74472E+0
-7.8823534E-9	553.38389E-3	74.893661E+0	44.540455E-12	222.14891E+0	981.08572E-3	-22.303541E+0	24.198327E-12	-166.08817E+0
-7.9999998E-9	565.98103E-3	10.927780E+0	9.2356418E-12	153.31261E+0	951.02489E-3	14.388024E+0	35.768923E-12	-110.53764E+0
-8.1176479E-9	599.95627E-3	130.64508E+0	19.651895E-12	180.67609E+0	927.08743E-3	6.3166823E+0	23.802642E-12	-153.68347E+0
-8.2352942E-9	617.47897E-3	41.849541E+0	18.860052E-12	162.53384E+0	906.90714E-3	26.050871E+0	14.623290E-12	-121.68803E+0
-8.3529406E-9	645.35928E-3	-19.336620E+0	19.892843E-12	133.61250E+0	868.86901E-3	-45.965370E+0	22.836845E-12	-185.84775E+0
-8.4705887E-9	663.01829E-3	-69.299271E+0	21.344978E-12	119.87150E+0	843.82987E-3	-89.571968E+0	24.564758E-12	-198.47763E+0
-8.5882350E-9	665.03549E-3	78.413788E+0	31.662159E-12	147.16611E+0	836.96747E-3	42.767456E+0	12.239008E-12	-137.73457E+0
-8.7058831E-9	670.77029E-3	-24.000017E+0	30.442048E-12	128.40366E+0	819.93049E-3	14.272291E+0	15.860022E-12	-112.62543E+0
-8.8235295E-9	674.16584E-3	-87.938583E+0	18.551934E-12	71.678841E+0	774.45018E-3	-50.996021E+0	34.643254E-12	-200.97623E+0
-8.9411758E-9	656.05468E-3	120.03908E+0	9.6824276E-12	149.69452E+0	744.82524E-3	-63.849827E+0	26.452620E-12	-196.14751E+0
-9.0588239E-9	626.00964E-3	-33.774654E+0	32.302435E-12	64.343292E+0	734.40653E-3	-76.794891E+0	21.589846E-12	-179.73996E+0
-9.1764703E-9	582.11929E-3	-12.964742E+0	30.979171E-12	82.346992E+0	712.86523E-3	31.723629E+0	22.224850E-12	-146.79645E+0
-9.2941184E-9	550.51929E-3	-68.742004E+0	22.398524E-12	9.5492935E+0	688.70544E-3	-47.034515E+0	32.644505E-12	-213.89975E+0
-9.4117647E-9	537.51373E-3	-28.064606E+0	10.476619E-12	57.418259E+0	670.56018E-3	92.616692E+0	15.093059E-12	-119.78855E+0
-9.5294110E-9	524.03617E-3	-54.463314E+0	24.866005E-12	-12.173886E+0	641.36249E-3	-43.615913E+0	32.326891E-12	-206.26416E+0
-9.6470592E-9	492.86193E-3	-41.286213E+0	18.276698E-12	16.288782E+0	607.55259E-3	-79.211357E+0	14.744289E-12	-208.17258E+0
-9.7647055E-9	469.94832E-3	4.4868617E+0	16.292034E-12	74.733437E+0	599.20859E-3	49.313091E+0	18.218808E-12	-111.56757E+0
-9.8823536E-9	467.16106E-3	-95.113884E+0	24.341361E-12	15.302510E+0	579.37676E-3	-83.830338E+0	38.761171E-12	-223.48955E+0
-9.9999999E-9	457.40154E-3	-75.942169E+0	20.209480E-12	-70.119949E+0	546.24432E-3	-91.539864E+0	33.755800E-12	-254.02495E+0
-10.117646E-9	436.60787E-3	12.260373E+0	11.640570E-12	-21.348776E+0	525.59358E-3	-59.527241E+0	16.226204E-12	-204.73126E+0
-10.235294E-9	429.80042E-3	-29.161905E+0	8.7794112E-12	15.395877E+0	508.07136E-3	-13.927242E+0	22.500869E-12	-170.21211E+0
-10.352941E-9	434.77273E-3	-64.436707E+0	22.318477E-12	-68.649338E+0	478.40679E-3	-32.742813E+0	36.175306E-12	-204.74306E+0
-10.470589E-9	431.80442E-3	-73.278862E+0	23.354875E-12	-125.80983E+0	454.07510E-3	-50.787106E+0	25.547430E-12	-187.05008E+0
-10.588235E-9	401.08034E-3	-60.804363E+0	12.702656E-12	-61.878922E+0	438.64694E-3	-29.534283E+0	19.830635E-12	-201.53073E+0
-10.705883E-9	356.64925E-3	-83.838417E+0	13.689491E-12	-144.62035E+0	409.10646E-3	79.021103E+0	17.658564E-12	-146.48456E+0
-10.823530E-9	327.66673E-3	6.1631570E+0	31.843240E-12	-203.72758E+0	373.99495E-3	16.045643E+0	33.000741E-12	-143.92084E+0
-10.941176E-9	314.40532E-3	-23.979143E+0	19.286307E-12	-161.31467E+0	353.27402E-3	-79.554070E+0	22.160643E-12	-181.56711E+0
-11.058824E-9	294.45037E-3	-47.148449E+0	19.806401E-12	-146.38998E+0	336.90134E-3	-2.7401721E+0	21.089517E-12	-149.07384E+0
-11.176470E-9	267.38486E-3	-53.303719E+0	23.224084E-12	-141.79790E+0	319.30542E-3	52.036942E+0	14.493158E-12	-160.60262E+0
-11.294119E-9	243.79577E-3	46.509338E+0	25.446189E-12	-125.67391E+0	292.33143E-3	3.3875935E+0	19.188673E-12	-177.27293E+0
-11.411765E-9	225.32552E-3	-45.894382E+0	22.029586E-12	-158.57364E+0	260.15726E-3	-21.175556E+0	20.918673E-12	-151.02083E+0
-11.529411E-9	216.50746E-3	58.161121E+0	15.832360E-12	-102.60452E+0	235.50466E-3	-29.703592E+0	12.754331E-12	-164.61182E+0
-11.647059E-9	203.45509E-3	-59.454094E+0	18.186829E-12	-197.04300E+0	225.21718E-3	-21.343729E+0	13.615398E-12	-168.98697E+0
-11.764706E-9	181.65536E-3	-77.445145E+0	13.770098E-12	-192.40546E+0	206.83847E-3	-13.912899E+0	17.039941E-12	-155.55272E+0
-11.882354E-9	163.70189E-3	-31.296730E+0	20.560199E-12	-172.52373E+0	182.80436E-3	-9.8523598E+0	22.855761E-12	-151.54324E+0
-12.000000E-9	150.70496E-3	-15.733210E+0	32.130729E-12	-121.02510E+0	147.59013E-3	14.641102E+0	23.376539E-12	-127.35054E+0
-12.117646E-9	115.62551E-3	-53.689476E+0	20.961809E-12	-159.74373E+0	109.32872E-3	-30.804209E+0	21.634507E-12	-168.50891E+0
-12.235295E-9	76.100156E-3	-70.806107E+0	19.740541E-12	-180.81650E+0	86.700946E-3	-106.15233E+0	14.693404E-12	-143.31664E+0
-12.352941E-9	66.386417E-3	-47.709579E+0	30.280486E-12	-190.51259E+0	78.893535E-3	-46.613831E+0	21.515522E-12	-192.24123E+0
-12.470589E-9	66.726685E-3	-20.510389E+0	19.057316E-12	-145.83325E+0	54.421995E-3	-11.083924E+0	18.560865E-12	-137.96227E+0
-12.588235E-9	34.995526E-3	-2.6333172E+0	25.903389E-12	-166.98448E+0	19.046020E-3	-88.417023E+0	21.304432E-12	-227.20476E+0
-12.705882E-9	-9.4507849E-3	-66.427818E+0	23.427097E-12	-192.03508E+0	-4.5227050E-3	-84.808861E+0	18.461009E-12	-166.74992E+0
-12.823530E-9	-42.558290E-3	-15.506844E+0	20.296010E-12	-123.92191E+0	-25.188193E-3	-31.111898E+0	24.076689E-12	-187.51511E+0
-12.941176E-9	-59.388734E-3	-34.103996E+0	26.782564E-12	-196.34581E+0	-58.472190E-3	-37.605278E+0	24.783092E-12	-212.21043E+0
-13.058824E-9	-80.239870E-3	29.324829E+0	17.666455E-12	-175.95122E+0	-78.588866E-3	-16.758421E+0	23.800878E-12	-166.69850E+0
-13.176471E-9	-102.81423E-3	-5.9683628E+0	16.867467E-12	-151.93982E+0	-91.477454E-3	-80.195282E+0	34.362409E-12	-257.23602E+0
-13.294117E-9	-121.71224E-3	-88.782898E+0	20.175339E-12	-222.23373E+0	-117.23786E-3	-50.872677E+0	38.676375E-12	-234.88249E+0
-13.411765E-9	-153.32897E-3	99.591499E+0	12.204323E-12	-135.31079E+0	-148.52549E-3	22.113106E+0	7.6801170E-12	-120.15702E+0
-13.529411E-9	-170.60292E-3	-81.995842E+0	21.905613E-12	-208.87135E+0	-165.10773E-3	-42.593582E+0	16.649354E-12	-186.99605E+0
-13.647059E-9	-178.95101E-3	-44.878475E+0	19.531021E-12	-205.88840E+0	-180.66457E-3	-17.061155E+0	15.988178E-12	-177.52863E+0
-13.764706E-9	-187.60732E-3	-54.438503E+0	24.578750E-12	-219.42274E+0	-202.11741E-3	-63.897556E+0	27.688163E-12	-220.95766E+0
-13.882352E-9	-207.43409E-3	-73.139229E+0	18.856324E-12	-182.36488E+0	-226.73391E-3	-28.044405E+0	39.581692E-12	-202.55333E+0
-14.000000E-9	-221.39180E-3	-48.470642E+0	26.958293E-12	-189.52109E+0	-259.91109E-3	-55.908600E+0	24.467458E-12	-189.25208E+0
-14.117647E-9	-250.40182E-3	-39.870621E+0	25.135160E-12	-202.56831E+0	-300.88860E-3	-57.055199E+0	25.103876E-12	-199.97945E+0
-14.235295E-9	-294.83438E-3	11.647449E+0	19.021370E-12	-172.71826E+0	-314.96990E-3	-2.1346142E+0	19.759260E-12	-190.39728E+0
-14.352941E-9	-322.78901E-3	23.694357E+0	17.119226E-12	-147.72530E+0	-320.57139E-3	-93.584023E+0	23.289565E-12	-225.07849E+0
-14.470587E-9	-340.79894E-3	-16.458693E+0	16.261511E-12	-168.91820E+0	-348.42226E-3	-24.985384E+0	29.842354E-12	-176.19727E+0
-14.588236E-9	-366.68649E-3	-91.367416E+0	30.664051E-12	-228.42502E+0	-385.88968E-3	-13.984168E+0	14.259031E-12	-171.20416E+0
-14.705882E-9	-400.75940E-3	998.93761E-3	16.987937E-12	-152.37129E+0	-399.97151E-3	-23.145504E+0	30.144449E-12	-185.79755E+0
-14.823530E-9	-421.53218E-3	-23.124132E+0	20.953838E-12	-193.02461E+0	-414.83206E-3	-45.423656E+0	29.215765E-12	-219.24335E+0
-14.941175E-9	-436.30219E-3	-74.884888E+0	33.253456E-12	-239.49672E+0	-450.02034E-3	-33.324928E+0	31.354822E-12	-223.37170E+0
-15.058824E-9	-445.54850E-3	-70.650002E+0	20.899088E-12	-214.48013E+0	-471.06832E-3	-732.61327E-3	20.529752E-12	-157.36658E+0
-15.176472E-9	-464.50654E-3	6.5721855E+0	21.592455E-12	-173.93298E+0	-486.27523E-3	-29.988747E+0	22.875039E-12	-185.98929E+0
-15.294116E-9	-489.74761E-3	77.808571E+0	19.548039E-12	-106.61261E+0	-507.67463E-3	-33.879597E+0	9.8565661E-12	-165.04410E+0
-15.411764E-9	-516.11632E-3	-81.891052E+0	22.928687E-12	-187.07753E+0	-547.68324E-3	-14.974140E+0	18.555470E-12	-146.15929E+0
-15.529412E-9	-532.95541E-3	63.418049E+0	22.605227E-12	-163.75995E+0	-587.97503E-3	-63.840454E+0	13.282596E-12	-172.05310E+0
-15.647061E-9	-547.61249E-3	-80.802361E+0	32.354869E-12	-204.60809E+0	-609.14105E-3	6.4528451E+0	19.927109E-12	-169.17702E+0
-15.764705E-9	-563.24613E-3	25.179977E+0	20.532683E-12	-160.01895E+0	-626.02848E-3	-43.606056E+0	36.538862E-12	-205.84102E+0
-15.882353E-9	-590.73281E-3	-98.195015E+0	31.279611E-12	-240.21744E+0	-649.76752E-3	-83.682877E+0	13.140345E-12	-189.48917E+0
-16.000001E-9	-625.01884E-3	-5.9408746E+0	12.443790E-12	-172.88268E+0	-677.79845E-3	-72.934700E+0	27.508964E-12	-180.99133E+0
-16.117646E-9	-650.46334E-3	-11.900517E+0	35.403208E-12	-161.48940E+0	-705.45298E-3	-92.178062E+0	19.666707E-12	-212.94391E+0
-16.235294E-9	-682.99150E-3	-78.761398E+0	22.984541E-12	-198.85844E+0	-726.69476E-3	-57.809067E+0	24.328029E-12	-224.12871E+0
-16.352942E-9	-715.04366E-3	-79.543549E+0	21.234878E-12	-160.10077E+0	-742.11836E-3	-18.798922E+0	16.071360E-12	-162.93155E+0
-16.470587E-9	-728.67787E-3	-63.145958E+0	29.399209E-12	-198.14104E+0	-768.71234E-3	41.601971E+0	20.705009E-12	-137.12094E+0
-16.588235E-9	-739.53247E-3	4.3684106E+0	21.437843E-12	-143.99637E+0	-799.50762E-3	-27.445856E+0	19.586624E-12	-169.77673E+0
-16.705883E-9	-768.36646E-3	-25.737150E+0	21.966177E-12	-182.90974E+0	-820.20926E-3	-19.857286E+0	21.946158E-12	-172.51683E+0
-16.823531E-9	-805.25512E-3	-68.072952E+0	25.739962E-12	-234.64142E+0	-827.74454E-3	-50.477718E+0	30.812439E-12	-211.34531E+0
-16.941176E-9	-818.20780E-3	5.0234780E+0	31.653936E-12	-166.07980E+0	-842.30095E-3	-35.895935E+0	24.088856E-12	-159.59573E+0
-17.058824E-9	-827.75068E-3	-55.963570E+0	35.669748E-12	-237.21837E+0	-878.02023E-3	-54.521965E+0	24.071746E-12	-192.94563E+0
-17.176472E-9	-852.89508E-3	-30.330893E+0	25.941858E-12	-179.31427E+0	-908.63341E-3	-44.029514E+0	28.523595E-12	-182.46143E+0
-17.294116E-9	-885.31440E-3	-24.373804E+0	26.556462E-12	-171.30112E+0	-930.11069E-3	-47.523186E+0	16.685389E-12	-161.39952E+0
-17.411764E-9	-908.67412E-3	-5.5202317E+0	28.013319E-12	-179.70486E+0	-964.05947E-3	-52.908344E+0	28.110597E-12	-181.14058E+0
-17.529413E-9	-927.34784E-3	49.254669E+0	22.804333E-12	-124.01818E+0	-993.29579E-3	-7.9840260E+0	17.579120E-12	-165.70813E+0
-17.647057E-9	-940.73385E-3	-14.034536E+0	18.147095E-12	-153.83884E+0	-997.50620E-3	-24.040979E+0	21.027740E-12	-146.24548E+0
-17.764705E-9	-957.67772E-3	-59.885536E+0	32.268126E-12	-188.03336E+0	-1.0086684E+0	-20.697737E+0	20.227415E-12	-180.49567E+0
-17.882353E-9	-989.03763E-3	-61.449207E+0	27.667523E-12	-243.05777E+0	-1.0438548E+0	-55.368866E+0	31.299352E-12	-210.11435E+0
-18.000001E-9	-1.0252701E+0	-47.616104E+0	18.047248E-12	-197.47256E+0	-1.0802500E+0	10.916819E+0	16.383556E-12	-155.23166E+0
-18.117646E-9	-1.0434422E+0	-57.391750E+0	24.813027E-12	-154.38773E+0	-1.1069926E+0	-78.477036E+0	30.977314E-12	-196.15254E+0
-18.235294E-9	-1.0693563E+0	78.375137E+0	24.585459E-12	-119.33127E+0	-1.1317724E+0	22.192663E+0	14.497949E-12	-100.95434E+0
-18.352942E-9	-1.1032634E+0	-12.318378E+0	41.116201E-12	-151.51736E+0	-1.1409479E+0	-10.043327E+0	15.328280E-12	-157.12769E+0
-18.470587E-9	-1.1216898E+0	57.252678E+0	25.536021E-12	-139.00577E+0	-1.1436788E+0	-45.296265E+0	18.486032E-12	-171.95834E+0
-18.588235E-9	-1.1220881E+0	-50.654819E+0	27.480511E-12	-157.09792E+0	-1.1682088E+0	8.2135811E+0	19.592505E-12	-158.08186E+0
-18.705883E-9	-1.1484319E+0	-88.727669E+0	22.230738E-12	-215.82523E+0	-1.2030141E+0	-21.512743E+0	31.086654E-12	-210.10764E+0
-18.823531E-9	-1.1892328E+0	-61.842796E+0	28.733233E-12	-200.06030E+0	-1.2247095E+0	23.660410E+0	11.817439E-12	-153.55597E+0
-18.941176E-9	-1.2144603E+0	-53.633858E+0	21.946644E-12	-222.75294E+0	-1.2478765E+0	-56.144836E+0	18.550234E-12	-200.05194E+0
-19.058824E-9	-1.2293508E+0	-76.839752E+0	21.838890E-12	-235.74605E+0	-1.2819871E+0	-34.718342E+0	15.295806E-12	-170.78027E+0
-19.176472E-9	-1.2497213E+0	-70.268295E+0	26.694921E-12	-205.91957E+0	-1.3094411E+0	-63.455837E+0	17.327898E-12	-197.91510E+0
-19.294117E-9	-1.2741553E+0	-24.537970E+0	19.630570E-12	-187.48471E+0	-1.3184377E+0	-18.091200E+0	26.858625E-12	-173.62213E+0
-19.411765E-9	-1.2942653E+0	-71.166451E+0	30.155708E-12	-217.61961E+0	-1.3252808E+0	-63.459145E+0	19.879685E-12	-209.01170E+0
-19.529413E-9	-1.3156092E+0	-65.652489E+0	16.333532E-12	-186.05553E+0	-1.3492198E+0	-53.840946E+0	37.490906E-12	-212.52840E+0
-19.647057E-9	-1.3417134E+0	-94.854095E+0	15.549138E-12	-179.31401E+0	-1.3750330E+0	-58.804615E+0	29.548711E-12	-220.46088E+0
-19.764705E-9	-1.3720616E+0	35.098866E+0	34.831370E-12	-206.88338E+0	-1.3988643E+0	-4.1625943E+0	23.734315E-12	-166.41206E+0
-19.882354E-9	-1.4057887E+0	-54.524643E+0	23.097656E-12	-174.11850E+0	-1.4193176E+0	-46.741596E+0	15.713479E-12	-167.38167E+0
-19.999998E-9	-1.4313171E+0	-19.819031E+0	13.452555E-12	-151.18243E+0	-1.4249138E+0	-21.062748E+0	19.908873E-12	-159.94925E+0
