Experiment	Z spectroscopy	
Saved Date	07.11.2019 11:24:04	
User		
X (m)	5.00196E-6	
Y (m)	-1.45144E-6	
Z (m)	-107.146E-9	
Z offset (m)	10E-9	
Z sweep distance (m)	30E-9	
Settling time (s)	200E-6	
Integration time (s)	100E-6	
Final Z (m)	N/A	
Start time	07.11.2019 11:23:53	
Filter type	None	
Order		
Cutoff frq		

[DATA]
Z rel (m)	Vert. Deflection (V)	OC D1 Phase (deg)	OC D1 Amplitude (m)	OC M1 Freq. Shift (Hz)	Vert. Deflection [bwd] (V)	OC D1 Phase [bwd] (deg)	OC D1 Amplitude [bwd] (m)	OC M1 Freq. Shift [bwd] (Hz)
9.9999999E-9	68.772376E-3	80.084123E-3	82.746880E-9	-24.995975E+0	178.20179E-3	720.45082E-3	16.762025E-9	-93.171638E+0
9.8823527E-9	68.531804E-3	35.543993E-3	82.863330E-9	-21.897707E+0	182.75401E-3	664.05547E-3	16.203479E-9	-94.889748E+0
9.7647055E-9	68.586729E-3	51.266529E-3	83.047894E-9	-26.619440E+0	190.21912E-3	660.24613E-3	15.663526E-9	-97.998932E+0
9.6470592E-9	68.954974E-3	54.047063E-3	83.168182E-9	-25.328115E+0	195.81503E-3	668.10262E-3	15.134471E-9	-99.669289E+0
9.5294119E-9	68.792216E-3	51.200014E-3	83.363545E-9	-23.670835E+0	200.47353E-3	580.33675E-3	14.585989E-9	-113.55464E+0
9.4117647E-9	68.636067E-3	35.902429E-3	83.510592E-9	-25.677341E+0	207.10754E-3	666.87423E-3	14.101186E-9	-103.69080E+0
9.2941175E-9	69.077559E-3	60.249377E-3	83.611035E-9	-24.351465E+0	212.23958E-3	650.95961E-3	13.658944E-9	-106.38296E+0
9.1764703E-9	70.190430E-3	16.413338E-3	83.822783E-9	-24.428551E+0	215.69774E-3	662.77325E-3	13.205625E-9	-114.58914E+0
9.0588230E-9	69.105528E-3	50.514527E-3	83.927411E-9	-30.288895E+0	220.18179E-3	625.83947E-3	12.676191E-9	-111.56504E+0
8.9411767E-9	69.164023E-3	11.481261E-3	84.060126E-9	-26.404074E+0	226.51571E-3	652.48340E-3	12.187258E-9	-115.94602E+0
8.8235295E-9	68.563335E-3	57.757806E-3	84.216552E-9	-24.545227E+0	232.76113E-3	569.74846E-3	11.717254E-9	-124.91027E+0
8.7058822E-9	69.186911E-3	9.6624075E-3	84.293220E-9	-28.870495E+0	238.66932E-3	597.31531E-3	11.278749E-9	-127.66945E+0
8.5882350E-9	68.745419E-3	41.793756E-3	84.440273E-9	-23.692648E+0	247.04488E-3	544.35349E-3	10.879294E-9	-127.22436E+0
8.4705878E-9	67.775980E-3	26.621798E-3	84.504777E-9	-26.137283E+0	251.23239E-3	600.21824E-3	10.471176E-9	-129.54008E+0
8.3529414E-9	68.834431E-3	24.027955E-3	84.671115E-9	-27.519075E+0	255.59539E-3	543.64133E-3	10.116502E-9	-138.32935E+0
8.2352942E-9	69.065854E-3	44.091210E-3	84.793037E-9	-22.901011E+0	261.11093E-3	571.44618E-3	9.6841806E-9	-133.38953E+0
8.1176470E-9	68.512976E-3	10.032930E-3	84.883702E-9	-25.854458E+0	267.26583E-3	503.63678E-3	9.2278247E-9	-140.49748E+0
7.9999998E-9	68.140157E-3	26.333408E-3	85.003975E-9	-26.430620E+0	272.33276E-3	556.15336E-3	8.8620205E-9	-140.29832E+0
7.8823525E-9	69.145203E-3	35.512038E-3	85.063910E-9	-21.642550E+0	278.28929E-3	547.11545E-3	8.4469409E-9	-141.04869E+0
7.7647062E-9	69.195554E-3	8.0487737E-3	85.200249E-9	-27.901270E+0	285.32207E-3	510.05572E-3	8.0470128E-9	-146.39384E+0
7.6470590E-9	68.968199E-3	46.915818E-3	85.305309E-9	-25.850145E+0	293.16762E-3	510.93036E-3	7.6412165E-9	-144.86804E+0
7.5294118E-9	69.235228E-3	9.9903494E-3	85.388614E-9	-25.225489E+0	301.20951E-3	508.16011E-3	7.2854882E-9	-155.62009E+0
7.4117645E-9	69.212846E-3	19.075260E-3	85.529187E-9	-27.504051E+0	307.19551E-3	467.82818E-3	6.9615140E-9	-155.52518E+0
7.2941173E-9	68.421431E-3	16.757889E-3	85.576580E-9	-26.991058E+0	314.73288E-3	560.48542E-3	6.6401018E-9	-144.49403E+0
7.1764705E-9	69.685370E-3	2.5705788E-3	85.695092E-9	-24.671944E+0	317.89908E-3	519.22983E-3	6.3552577E-9	-155.63321E+0
7.0588237E-9	69.039911E-3	24.741249E-3	85.716685E-9	-30.612268E+0	322.51891E-3	706.25269E-3	5.9631740E-9	-153.54871E+0
6.9411765E-9	69.460548E-3	-3.5549160E-3	85.829377E-9	-25.889793E+0	329.75310E-3	734.56961E-3	5.5696474E-9	-158.02315E+0
6.8235293E-9	68.565369E-3	26.817922E-3	85.940144E-9	-25.790953E+0	336.47105E-3	905.67833E-3	5.0672164E-9	-149.39832E+0
6.7058821E-9	70.531212E-3	-10.482657E-3	86.006267E-9	-28.589672E+0	345.98643E-3	1.0468252E+0	4.5616133E-9	-138.41675E+0
6.5882353E-9	69.384769E-3	36.911592E-3	86.073136E-9	-23.277821E+0	356.38681E-3	1.3615677E+0	3.8759600E-9	-128.70334E+0
6.4705881E-9	70.357770E-3	2.5916134E-3	86.155268E-9	-25.800434E+0	363.56202E-3	2.2146385E+0	2.9871232E-9	-122.68687E+0
6.3529413E-9	69.761656E-3	5.9408722E-3	86.282363E-9	-30.218121E+0	374.04427E-3	18.101851E+0	1.5842898E-9	-47.395424E+0
6.2352941E-9	69.472753E-3	17.609654E-3	86.296119E-9	-23.708975E+0	3.2499304E+0	14.619075E+0	19.127764E-12	-130.75186E+0
6.1176468E-9	69.743857E-3	4.3305717E-3	86.350511E-9	-27.278273E+0	3.3198762E+0	65.782990E+0	20.737755E-12	-133.43021E+0
6.0000001E-9	69.647729E-3	7.3859151E-3	86.456936E-9	-26.666300E+0	3.3349783E+0	-43.961143E+0	27.764031E-12	-223.90419E+0
5.8823528E-9	68.990074E-3	25.500346E-3	86.532403E-9	-24.377918E+0	3.3392088E+0	-13.841951E+0	18.824164E-12	-130.71843E+0
5.7647060E-9	69.187932E-3	-20.439826E-3	86.644548E-9	-28.549885E+0	3.3351638E+0	23.733486E+0	36.690404E-12	-104.16255E+0
5.6470588E-9	70.067339E-3	32.838777E-3	86.645755E-9	-28.983429E+0	3.3260880E+0	-103.20083E+0	11.421421E-12	-130.98883E+0
5.5294116E-9	70.380151E-3	-18.278958E-3	86.736051E-9	-24.115707E+0	3.3234501E+0	-29.539690E+0	20.450322E-12	-186.05569E+0
5.4117648E-9	70.859276E-3	26.842961E-3	86.784411E-9	-27.884830E+0	3.3114872E+0	-80.758156E+0	13.954850E-12	-190.47147E+0
5.2941176E-9	70.647687E-3	-23.312347E-3	86.808612E-9	-27.609100E+0	3.2914460E+0	-55.417290E+0	13.873801E-12	-180.48030E+0
5.1764704E-9	69.425456E-3	27.178928E-3	86.925837E-9	-23.995268E+0	3.2709136E+0	-56.094074E+0	26.193709E-12	-208.63261E+0
5.0588236E-9	70.567325E-3	-16.589953E-3	86.908422E-9	-30.812016E+0	3.2512491E+0	19.717459E+0	18.584929E-12	-150.61661E+0
4.9411764E-9	69.806419E-3	14.478680E-3	87.017774E-9	-26.279310E+0	3.2337337E+0	-54.308247E+0	23.656545E-12	-182.35823E+0
4.8235291E-9	69.414265E-3	-206.33570E-6	87.086391E-9	-25.099831E+0	3.2221355E+0	-70.214417E+0	24.005398E-12	-231.12263E+0
4.7058824E-9	69.424443E-3	-375.82280E-6	87.103665E-9	-30.231649E+0	3.2124665E+0	4.3976402E+0	17.384783E-12	-165.72212E+0
4.5882351E-9	70.066832E-3	-8.3413227E-3	87.202594E-9	-26.395552E+0	3.1890492E+0	-45.381718E+0	30.549160E-12	-222.39580E+0
4.4705883E-9	70.511885E-3	15.066065E-3	87.197670E-9	-27.258583E+0	3.1532822E+0	-15.973647E+0	19.848800E-12	-158.05707E+0
4.3529411E-9	69.492087E-3	-32.681722E-3	87.290417E-9	-31.280006E+0	3.1249745E+0	3.4593067E+0	24.252971E-12	-136.42003E+0
4.2352939E-9	68.995662E-3	39.793227E-3	87.335359E-9	-24.975857E+0	3.1123521E+0	-39.938797E+0	28.983147E-12	-200.44272E+0
4.1176471E-9	70.401505E-3	-42.827126E-3	87.380364E-9	-28.305830E+0	3.0910430E+0	38.046963E+0	20.757535E-12	-155.91504E+0
3.9999999E-9	70.196532E-3	20.479439E-3	87.429356E-9	-28.461061E+0	3.0736592E+0	57.157711E+0	22.528562E-12	-148.05322E+0
3.8823531E-9	69.493100E-3	-14.429675E-3	87.423174E-9	-24.811779E+0	3.0617204E+0	-15.234322E+0	26.012808E-12	-159.53793E+0
3.7647059E-9	69.716386E-3	-1.1584644E-3	87.477467E-9	-28.272373E+0	3.0341506E+0	-19.177258E+0	23.485746E-12	-136.80807E+0
3.6470587E-9	69.579571E-3	-6.3614831E-3	87.479776E-9	-29.796429E+0	2.9924860E+0	-54.798290E+0	22.352776E-12	-171.93800E+0
3.5294119E-9	69.905601E-3	-4.1661425E-3	87.592852E-9	-25.327671E+0	2.9722962E+0	-7.2738633E+0	16.146976E-12	-120.85375E+0
3.4117646E-9	70.226543E-3	-9.7564086E-3	87.639641E-9	-28.153891E+0	2.9623246E+0	-59.908909E+0	30.755391E-12	-160.44017E+0
3.2941174E-9	70.261128E-3	-9.5291622E-3	87.668390E-9	-28.937410E+0	2.9390552E+0	-59.442253E+0	25.294222E-12	-205.75592E+0
3.1764706E-9	70.130415E-3	-6.3324058E-3	87.737568E-9	-26.083733E+0	2.9150219E+0	44.555763E+0	24.497354E-12	-125.64246E+0
3.0588234E-9	69.213867E-3	-4.1055800E-3	87.725766E-9	-31.839954E+0	2.8971965E+0	639.46629E-3	7.5277519E-12	-138.47610E+0
2.9411762E-9	69.743343E-3	-20.881042E-3	87.761528E-9	-29.514595E+0	2.8739696E+0	-35.635281E+0	22.562027E-12	-181.36923E+0
2.8235294E-9	70.370488E-3	7.0713125E-3	87.800437E-9	-26.158154E+0	2.8445294E+0	-22.889339E+0	14.116290E-12	-177.23866E+0
2.7058822E-9	69.343559E-3	-39.927691E-3	87.827658E-9	-32.885574E+0	2.8243041E+0	-2.7287891E+0	35.120004E-12	-193.93312E+0
2.5882354E-9	70.140585E-3	5.7978616E-3	87.874731E-9	-27.489378E+0	2.8122797E+0	-57.646542E+0	28.915061E-12	-202.01617E+0
2.4705882E-9	70.540875E-3	-13.412810E-3	87.883933E-9	-28.986429E+0	2.7870126E+0	-58.162258E+0	17.715201E-12	-194.27097E+0
2.3529410E-9	70.156351E-3	-23.285558E-3	87.953744E-9	-31.192736E+0	2.7650623E+0	-40.302921E+0	21.442303E-12	-195.07368E+0
2.2352937E-9	71.074419E-3	3.6631601E-3	87.948045E-9	-27.681925E+0	2.7498693E+0	-31.886133E+0	21.742056E-12	-174.10475E+0
2.1176474E-9	71.435548E-3	-43.973200E-3	88.031733E-9	-27.641172E+0	2.7152364E+0	60.809185E+0	16.519655E-12	-143.88493E+0
2.0000002E-9	71.694441E-3	-3.2458797E-3	88.031946E-9	-31.229355E+0	2.6832414E+0	5.4722023E+0	18.647419E-12	-187.22670E+0
1.8823529E-9	71.858726E-3	-29.505678E-3	88.023633E-9	-27.028685E+0	2.6819458E+0	-3.4598303E+0	9.9534738E-12	-153.43068E+0
1.7647057E-9	71.040347E-3	-10.028154E-3	88.095199E-9	-29.827707E+0	2.6622696E+0	26.282585E+0	28.118398E-12	-139.30957E+0
1.6470585E-9	70.389301E-3	-24.256146E-3	88.079375E-9	-32.071438E+0	2.6304307E+0	-83.831352E+0	27.190477E-12	-222.87939E+0
1.5294122E-9	70.903018E-3	-14.412161E-3	88.131735E-9	-27.937902E+0	2.6017900E+0	-60.960182E+0	17.207522E-12	-195.70395E+0
1.4117649E-9	70.629373E-3	-24.653085E-3	88.119762E-9	-30.380268E+0	2.5852966E+0	104.24371E+0	19.631234E-12	-158.09447E+0
1.2941177E-9	70.776366E-3	-21.039747E-3	88.148497E-9	-33.405903E+0	2.5576601E+0	-48.560890E+0	6.9877823E-12	-144.73648E+0
1.1764705E-9	71.079507E-3	-23.603979E-3	88.207734E-9	-28.354710E+0	2.5262847E+0	-51.628918E+0	29.162100E-12	-226.55345E+0
1.0588233E-9	71.797185E-3	-11.954489E-3	88.202114E-9	-33.868649E+0	2.5065415E+0	95.397858E+0	11.885940E-12	-118.11156E+0
941.17603E-12	71.377054E-3	-61.474189E-3	88.278760E-9	-33.287773E+0	2.4865708E+0	-102.06783E+0	14.487153E-12	-195.10143E+0
823.52969E-12	72.076924E-3	4.1358569E-3	88.266980E-9	-28.635098E+0	2.4627938E+0	13.448668E+0	20.481420E-12	-114.55895E+0
705.88246E-12	72.474159E-3	-77.467874E-3	88.329585E-9	-34.582428E+0	2.4365091E+0	-36.461575E+0	25.799819E-12	-188.40533E+0
588.23524E-12	72.444662E-3	-2.5177405E-3	88.298464E-9	-32.501694E+0	2.4095800E+0	-82.145111E+0	27.470356E-12	-210.07829E+0
470.58801E-12	71.262106E-3	-66.057906E-3	88.317499E-9	-31.313839E+0	2.3822312E+0	-71.425667E+0	26.349639E-12	-224.49248E+0
352.94079E-12	72.510272E-3	-22.285182E-3	88.364025E-9	-35.404083E+0	2.3614333E+0	-35.308846E+0	22.923346E-12	-171.36284E+0
235.29445E-12	71.218364E-3	-43.159224E-3	88.367536E-9	-32.224655E+0	2.3496134E+0	-53.120735E+0	20.178578E-12	-199.03859E+0
117.64723E-12	72.393797E-3	-33.925004E-3	88.366107E-9	-30.535009E+0	2.3357890E+0	-17.431725E+0	20.870829E-12	-175.94171E+0
0.0000000E+0	78.034975E-3	-136.45367E-3	87.774531E-9	-44.349525E+0	2.2970850E+0	-42.734177E+0	20.738829E-12	-160.76006E+0
-117.64723E-12	79.951987E-3	-140.85698E-3	86.794223E-9	-45.235027E+0	2.2638452E+0	-63.363800E+0	19.958955E-12	-205.60286E+0
-235.29445E-12	81.282549E-3	-176.97877E-3	85.792678E-9	-47.890499E+0	2.2491384E+0	-105.54577E+0	21.645094E-12	-206.08516E+0
-352.94168E-12	84.725447E-3	-227.07638E-3	84.833623E-9	-57.475246E+0	2.2307291E+0	-67.006111E+0	15.734152E-12	-173.03874E+0
-470.58801E-12	88.316344E-3	-320.19812E-3	83.757293E-9	-64.558395E+0	2.1992166E+0	-37.457394E+0	30.427185E-12	-177.42648E+0
-588.23524E-12	90.358481E-3	-352.60990E-3	82.639467E-9	-67.791199E+0	2.1825297E+0	-54.688255E+0	18.904458E-12	-197.40704E+0
-705.88246E-12	94.254047E-3	-486.08640E-3	81.651116E-9	-86.464378E+0	2.1717184E+0	86.349602E+0	18.352328E-12	-91.170113E+0
-823.52969E-12	98.635353E-3	-617.56200E-3	80.459579E-9	-99.706245E+0	2.1376863E+0	-23.618544E+0	15.932578E-12	-163.90620E+0
-941.17691E-12	110.20304E-3	-967.97448E-3	78.857951E-9	-132.34039E+0	2.0972590E+0	-53.944500E+0	21.463945E-12	-180.30823E+0
-1.0588233E-9	109.75392E-3	-1.0041308E+0	76.841722E-9	-140.93701E+0	2.0850463E+0	-1.3530592E+0	17.547302E-12	-178.86745E+0
-1.1764705E-9	103.10110E-3	-725.84498E-3	74.913522E-9	-119.72820E+0	2.0699849E+0	-84.032440E+0	25.469809E-12	-229.19028E+0
-1.2941177E-9	97.698972E-3	-518.01133E-3	73.372298E-9	-96.365349E+0	2.0434468E+0	-112.95408E+0	20.033390E-12	-198.79416E+0
-1.4117649E-9	93.158469E-3	-355.26675E-3	72.120891E-9	-82.449326E+0	2.0222895E+0	-44.935905E+0	24.876276E-12	-209.80231E+0
-1.5294122E-9	92.741907E-3	-338.69269E-3	70.872957E-9	-84.705780E+0	1.9936743E+0	-22.065468E+0	26.475922E-12	-142.57141E+0
-1.6470585E-9	94.374590E-3	-368.42343E-3	69.372966E-9	-84.882057E+0	1.9549433E+0	-141.24979E+0	20.936357E-12	-163.31262E+0
-1.7647057E-9	96.313477E-3	-407.14332E-3	67.879597E-9	-92.508064E+0	1.9396403E+0	1.1206604E+0	9.9401876E-12	-155.41245E+0
-1.8823529E-9	99.953204E-3	-521.58761E-3	66.224544E-9	-106.68243E+0	1.9355607E+0	61.536236E+0	19.494939E-12	-137.40697E+0
-2.0000002E-9	102.35494E-3	-570.59813E-3	64.173101E-9	-114.58208E+0	1.9085749E+0	-56.736427E+0	26.185691E-12	-149.77600E+0
-2.1176474E-9	105.02167E-3	-641.53355E-3	61.977218E-9	-116.95056E+0	1.8682973E+0	-66.028816E+0	29.010653E-12	-254.00157E+0
-2.2352937E-9	106.06384E-3	-630.81777E-3	60.045735E-9	-122.66428E+0	1.8469173E+0	-11.995133E+0	17.584089E-12	-159.25136E+0
-2.3529410E-9	103.57819E-3	-558.55006E-3	58.651889E-9	-120.98593E+0	1.8205551E+0	-22.150316E+0	30.752581E-12	-176.40779E+0
-2.4705882E-9	111.91762E-3	-934.28129E-3	57.195045E-9	-146.81537E+0	1.7862560E+0	-36.931160E+0	16.053997E-12	-179.53554E+0
-2.5882354E-9	114.16169E-3	-1.0189490E+0	55.222163E-9	-162.36790E+0	1.7780894E+0	-30.000528E+0	16.422018E-12	-200.69388E+0
-2.7058826E-9	110.68319E-3	-913.30034E-3	53.588156E-9	-157.30908E+0	1.7670472E+0	-36.605202E+0	19.574481E-12	-179.44775E+0
-2.8235299E-9	113.60423E-3	-1.0824559E+0	52.012506E-9	-176.73439E+0	1.7424459E+0	-50.937958E+0	54.569172E-12	-253.03001E+0
-2.9411762E-9	115.42410E-3	-1.3257637E+0	50.193766E-9	-190.15404E+0	1.7073146E+0	-71.051460E+0	13.342902E-12	-197.51456E+0
-3.0588234E-9	118.69049E-3	-1.8564634E+0	47.840533E-9	-229.33098E+0	1.6782675E+0	-27.684765E+0	31.809458E-12	-179.00757E+0
-3.1764706E-9	111.39578E-3	-1.2378428E+0	45.578890E-9	-198.49344E+0	1.6512213E+0	40.850201E+0	11.866221E-12	-129.42834E+0
-3.2941179E-9	105.55572E-3	-786.32885E-3	43.471214E-9	-162.80418E+0	1.6310160E+0	-68.875999E+0	23.841030E-12	-204.78548E+0
-3.4117651E-9	108.32214E-3	-808.72428E-3	41.283410E-9	-167.22893E+0	1.6115484E+0	-79.705360E+0	33.129121E-12	-245.26956E+0
-3.5294114E-9	105.56997E-3	-620.54271E-3	39.040053E-9	-156.16104E+0	1.5920343E+0	-36.820042E+0	30.572586E-12	-134.86223E+0
-3.6470587E-9	105.08474E-3	-449.40510E-3	37.026584E-9	-145.43181E+0	1.5697845E+0	-39.603680E+0	15.855374E-12	-187.81502E+0
-3.7647059E-9	111.05193E-3	-718.77730E-3	34.644128E-9	-166.38858E+0	1.5456502E+0	46.367374E+0	22.829912E-12	-155.58244E+0
-3.8823531E-9	118.76882E-3	-1.0764754E+0	31.896665E-9	-192.21823E+0	1.5148798E+0	-25.765156E+0	20.476081E-12	-172.14207E+0
-4.0000003E-9	133.55002E-3	-1.9552667E+0	28.216879E-9	-232.05244E+0	1.4883987E+0	-48.747906E+0	20.715254E-12	-204.18698E+0
-4.1176476E-9	144.36901E-3	-3.0139334E+0	24.701578E-9	-262.49057E+0	1.4603465E+0	47.328289E+0	10.397941E-12	-142.03094E+0
-4.2352939E-9	134.15629E-3	-2.5650086E+0	21.605990E-9	-281.80234E+0	1.4428666E+0	-46.774117E+0	20.798628E-12	-187.85014E+0
-4.3529411E-9	137.36013E-3	-2.2516813E+0	20.130818E-9	-264.08896E+0	1.4331959E+0	-41.503582E+0	15.914152E-12	-168.99429E+0
-4.4705883E-9	152.04264E-3	-4.0736127E+0	18.106126E-9	-290.81436E+0	1.4106863E+0	35.886097E+0	19.114018E-12	-158.45291E+0
-4.5882356E-9	179.92707E-3	-8.0730877E+0	15.054134E-9	-305.17578E+0	1.3764049E+0	-32.428642E+0	11.555553E-12	-167.69806E+0
-4.7058828E-9	181.35682E-3	-10.206499E+0	11.519406E-9	-305.17578E+0	1.3519527E+0	13.992042E+0	28.747525E-12	-140.39232E+0
-4.8235291E-9	171.01136E-3	-3.7766156E+0	9.1885450E-9	-305.17578E+0	1.3389729E+0	8.1272039E+0	32.871303E-12	-124.56452E+0
-4.9411772E-9	180.46825E-3	-180.65673E-3	6.2977770E-9	-226.93323E+0	1.3072821E+0	-25.752096E+0	17.733204E-12	-143.99995E+0
-5.0588236E-9	228.46068E-3	16.761038E+0	2.9834353E-9	92.331848E+0	1.2690028E+0	-31.476215E+0	30.146767E-12	-125.01734E+0
-5.1764699E-9	242.47029E-3	65.758316E+0	932.26749E-12	252.00687E+0	1.2587610E+0	-57.422947E+0	18.891591E-12	-197.99828E+0
-5.2941180E-9	267.18903E-3	29.738415E+0	560.64442E-12	305.17578E+0	1.2386215E+0	-5.8215013E+0	9.7709826E-12	-166.65071E+0
-5.4117644E-9	299.68822E-3	52.650661E+0	520.91359E-12	305.17578E+0	1.1957631E+0	-23.923279E+0	20.282909E-12	-169.92915E+0
-5.5294125E-9	336.23707E-3	76.536346E+0	323.62280E-12	305.17578E+0	1.1651825E+0	-25.222555E+0	35.215116E-12	-195.84743E+0
-5.6470588E-9	352.92765E-3	89.697922E+0	281.49594E-12	303.13031E+0	1.1442795E+0	-41.689915E+0	40.881083E-12	-244.37471E+0
-5.7647052E-9	369.04499E-3	93.026871E+0	223.09612E-12	305.17578E+0	1.1244074E+0	5.0117755E+0	8.1977350E-12	-126.46844E+0
-5.8823533E-9	373.88763E-3	90.073196E+0	124.84262E-12	297.01083E+0	1.1098831E+0	-82.024986E+0	15.597438E-12	-194.88542E+0
-5.9999996E-9	390.71807E-3	95.012512E+0	108.99012E-12	297.71106E+0	1.0850718E+0	-75.706573E+0	25.210979E-12	-201.27864E+0
-6.1176477E-9	438.48723E-3	93.670242E+0	44.607307E-12	225.42429E+0	1.0381653E+0	-18.656452E+0	21.019013E-12	-166.18350E+0
-6.2352941E-9	509.14359E-3	67.908188E+0	35.289320E-12	233.32649E+0	1.0041845E+0	10.808400E+0	18.993229E-12	-182.85660E+0
-6.3529404E-9	564.02534E-3	67.384155E+0	38.401334E-12	230.64371E+0	1.0072988E+0	-40.076855E+0	19.005618E-12	-172.51085E+0
-6.4705885E-9	595.52354E-3	97.332138E+0	31.336558E-12	234.88251E+0	1.0037867E+0	-3.9576311E+0	19.554153E-12	-127.11082E+0
-6.5882348E-9	622.46144E-3	72.486107E+0	29.051948E-12	175.11647E+0	967.38434E-3	-4.4804778E+0	18.600035E-12	-114.23333E+0
-6.7058830E-9	689.20034E-3	-25.732834E+0	16.109492E-12	135.46817E+0	936.52797E-3	-16.709593E+0	34.272338E-12	-174.13730E+0
-6.8235293E-9	724.51067E-3	119.65994E+0	22.273797E-12	195.64458E+0	912.83011E-3	50.289299E+0	19.737391E-12	-121.31715E+0
-6.9411756E-9	713.02491E-3	66.287384E+0	11.753006E-12	154.01239E+0	879.84973E-3	-21.559650E+0	13.496792E-12	-160.15305E+0
-7.0588237E-9	710.22546E-3	54.102089E+0	19.369268E-12	179.40266E+0	849.34133E-3	9.5419741E+0	27.310439E-12	-150.64922E+0
-7.1764701E-9	703.44645E-3	29.953810E+0	25.233959E-12	129.08669E+0	840.86353E-3	20.079706E+0	26.780328E-12	-189.32283E+0
-7.2941182E-9	701.93177E-3	-29.912012E+0	31.350436E-12	90.298576E+0	831.58976E-3	-74.233025E+0	20.618248E-12	-219.40697E+0
-7.4117645E-9	675.36062E-3	57.893600E+0	23.457994E-12	107.37135E+0	797.00214E-3	-79.285950E+0	18.611512E-12	-181.39934E+0
-7.5294126E-9	640.27303E-3	-103.79072E+0	9.6818352E-12	95.582817E+0	759.80020E-3	-7.6979256E+0	14.728956E-12	-151.05350E+0
-7.6470590E-9	617.95449E-3	-127.39996E+0	23.053561E-12	76.985641E+0	726.87632E-3	-94.834061E+0	19.078848E-12	-218.92694E+0
-7.7647053E-9	600.42059E-3	-23.796267E+0	21.747324E-12	112.56773E+0	703.35239E-3	-17.395798E+0	15.476630E-12	-134.60057E+0
-7.8823534E-9	583.39745E-3	79.682014E+0	13.809228E-12	108.49361E+0	688.36468E-3	-32.207016E+0	27.519494E-12	-200.80853E+0
-7.9999998E-9	575.81586E-3	-22.127405E+0	17.609211E-12	61.303146E+0	670.77637E-3	-38.605606E+0	23.268625E-12	-190.68387E+0
-8.1176479E-9	561.88911E-3	4.0989494E+0	20.987075E-12	115.28446E+0	641.43473E-3	-320.83806E-3	16.333027E-12	-184.04144E+0
-8.2352942E-9	546.32622E-3	-41.324860E+0	28.679550E-12	37.266815E+0	605.46368E-3	-10.391064E+0	26.108065E-12	-139.48128E+0
-8.3529406E-9	544.14469E-3	-28.923090E+0	29.730461E-12	83.364632E+0	582.11011E-3	-52.373936E+0	31.119947E-12	-144.31221E+0
-8.4705887E-9	545.94421E-3	-5.8890958E+0	30.206664E-12	63.369942E+0	570.85317E-3	-63.401855E+0	20.646897E-12	-218.35573E+0
-8.5882350E-9	532.55665E-3	-54.686947E+0	23.474887E-12	-20.573936E+0	547.38516E-3	-36.993752E+0	36.558589E-12	-212.79509E+0
-8.7058831E-9	520.35016E-3	-53.979633E+0	28.753165E-12	-90.615051E+0	517.93671E-3	-14.949647E+0	29.170277E-12	-191.73833E+0
-8.8235295E-9	515.08379E-3	-92.717964E+0	19.761449E-12	-109.89270E+0	496.44575E-3	-34.558422E+0	23.527872E-12	-207.89473E+0
-8.9411758E-9	499.87081E-3	-73.594467E+0	30.797660E-12	-169.84811E+0	474.90948E-3	-20.791714E+0	20.936653E-12	-189.04642E+0
-9.0588239E-9	457.15994E-3	-4.9243598E+0	16.828225E-12	-151.10428E+0	437.69887E-3	-27.551353E+0	24.029684E-12	-162.88400E+0
-9.1764703E-9	409.72900E-3	-23.047560E+0	13.604715E-12	-148.90132E+0	407.70519E-3	41.701675E+0	20.130383E-12	-115.05203E+0
-9.2941184E-9	389.83664E-3	-12.615314E+0	12.690164E-12	-134.64304E+0	398.41208E-3	-65.943939E+0	25.364046E-12	-240.01018E+0
-9.4117647E-9	364.32087E-3	4.4697857E+0	12.364249E-12	-151.73315E+0	385.68774E-3	58.768829E+0	11.183166E-12	-142.32742E+0
-9.5294110E-9	336.12111E-3	14.988057E+0	22.253487E-12	-163.75397E+0	351.52486E-3	-65.405457E+0	21.454402E-12	-165.27179E+0
-9.6470592E-9	319.21184E-3	-11.650577E+0	10.279284E-12	-141.32213E+0	317.45708E-3	-25.560890E+0	29.534368E-12	-183.50429E+0
-9.7647055E-9	306.85222E-3	-12.332409E+0	17.286811E-12	-164.25250E+0	299.29149E-3	-97.338547E+0	14.801235E-12	-175.82343E+0
-9.8823536E-9	284.10491E-3	35.704578E+0	14.406512E-12	-130.50638E+0	269.92747E-3	-41.482208E+0	14.032708E-12	-160.77242E+0
-9.9999999E-9	263.12003E-3	-67.224564E+0	34.444999E-12	-231.58232E+0	246.07748E-3	-16.118050E+0	20.878660E-12	-201.56194E+0
-10.117646E-9	260.67504E-3	-130.99847E+0	16.331462E-12	-196.39937E+0	231.16150E-3	-24.880909E+0	21.281081E-12	-188.76813E+0
-10.235294E-9	255.38024E-3	-36.917648E+0	23.557838E-12	-195.69171E+0	201.38295E-3	-96.833069E+0	17.220175E-12	-178.81042E+0
-10.352941E-9	246.77581E-3	-11.357243E+0	14.629412E-12	-127.91214E+0	168.41482E-3	-10.910584E+0	28.508067E-12	-199.14743E+0
-10.470589E-9	237.99489E-3	-37.602577E+0	24.453670E-12	-159.61081E+0	151.81631E-3	38.366692E+0	24.416956E-12	-158.34543E+0
-10.588235E-9	210.10284E-3	-30.212934E+0	19.116566E-12	-159.47372E+0	127.59450E-3	-44.606613E+0	23.948683E-12	-137.83917E+0
-10.705883E-9	164.67591E-3	-12.596032E+0	10.854978E-12	-109.06458E+0	86.583965E-3	41.340057E+0	26.552637E-12	-181.70242E+0
-10.823530E-9	136.64754E-3	-71.865570E+0	34.893116E-12	-216.95874E+0	66.761270E-3	-65.955437E+0	16.614096E-12	-182.83018E+0
-10.941176E-9	120.13651E-3	41.969959E+0	17.239784E-12	-124.59122E+0	62.584430E-3	-15.416681E+0	34.464879E-12	-167.36687E+0
-11.058824E-9	91.754146E-3	-59.357075E+0	21.126366E-12	-145.97067E+0	36.010742E-3	-85.599525E+0	26.580363E-12	-233.21265E+0
-11.176470E-9	57.612099E-3	13.802927E+0	27.149713E-12	-162.53621E+0	-359.09019E-6	-78.748428E+0	13.331922E-12	-172.33597E+0
-11.294119E-9	36.486816E-3	-99.267235E+0	21.231968E-12	-127.75890E+0	-25.070699E-3	9.8851023E+0	21.515914E-12	-189.08430E+0
-11.411765E-9	12.778219E-3	-12.613368E+0	16.693716E-12	-179.79263E+0	-45.850117E-3	-49.764931E+0	21.806704E-12	-154.44702E+0
-11.529411E-9	-15.259806E-3	-7.0002294E+0	25.880525E-12	-135.07703E+0	-65.868631E-3	-50.406296E+0	36.926212E-12	-243.38585E+0
-11.647059E-9	-28.019207E-3	-92.284744E+0	23.570866E-12	-225.74329E+0	-76.737978E-3	-80.730743E+0	29.312615E-12	-245.19005E+0
-11.764706E-9	-38.403828E-3	-39.852303E+0	23.509026E-12	-187.92975E+0	-88.172913E-3	-4.4493051E+0	7.2092280E-12	-159.16245E+0
-11.882354E-9	-65.885924E-3	-12.749117E+0	17.906780E-12	-141.28157E+0	-115.58736E-3	858.50972E-3	13.174916E-12	-141.25298E+0
-12.000000E-9	-105.00692E-3	-26.158081E+0	34.604694E-12	-212.94250E+0	-147.83427E-3	-20.608435E+0	23.632728E-12	-185.34720E+0
-12.117646E-9	-131.50737E-3	-103.83058E+0	17.799795E-12	-189.96202E+0	-184.78139E-3	-90.956413E+0	23.379512E-12	-220.91789E+0
-12.235295E-9	-145.46254E-3	-76.664429E+0	13.439574E-12	-177.61789E+0	-218.95498E-3	-40.816650E+0	22.924031E-12	-177.88632E+0
-12.352941E-9	-160.10082E-3	-53.786911E+0	17.444199E-12	-183.77824E+0	-235.22846E-3	68.525757E+0	12.940475E-12	-108.12560E+0
-12.470589E-9	-171.78904E-3	-16.677401E+0	15.537478E-12	-208.48943E+0	-235.43397E-3	-9.7270021E+0	32.609433E-12	-172.89020E+0
-12.588235E-9	-193.17524E-3	62.725906E+0	35.134871E-12	-155.01302E+0	-241.49628E-3	-43.718010E+0	27.914428E-12	-221.88039E+0
-12.705882E-9	-236.58855E-3	-21.131407E+0	23.311885E-12	-186.64946E+0	-285.41616E-3	-8.3586025E+0	22.788585E-12	-163.40366E+0
-12.823530E-9	-288.22327E-3	-20.370234E+0	29.668899E-12	-166.52660E+0	-328.24096E-3	-36.393871E+0	19.947965E-12	-135.91756E+0
-12.941176E-9	-315.57772E-3	-45.259743E+0	31.420488E-12	-220.79245E+0	-354.87622E-3	15.344793E+0	25.167191E-12	-101.33115E+0
-13.058824E-9	-326.16934E-3	-78.711456E+0	28.379880E-12	-238.81152E+0	-376.68660E-3	-62.379337E+0	17.339009E-12	-131.87094E+0
-13.176471E-9	-338.45621E-3	-110.84615E+0	9.0339715E-12	-161.09337E+0	-404.51252E-3	19.138321E+0	13.155284E-12	-158.31657E+0
-13.294117E-9	-352.25272E-3	8.1472378E+0	21.250130E-12	-184.72807E+0	-424.29912E-3	2.8349583E+0	22.565371E-12	-172.47609E+0
-13.411765E-9	-366.85690E-3	-44.819473E+0	28.982101E-12	-235.63818E+0	-436.16790E-3	23.626122E+0	7.5012756E-12	-166.97603E+0
-13.529411E-9	-398.33069E-3	-5.4217110E+0	9.2243470E-12	-163.65268E+0	-458.53272E-3	-76.799919E+0	16.312649E-12	-188.32982E+0
-13.647059E-9	-436.62822E-3	-36.463692E+0	16.279991E-12	-195.33940E+0	-493.83190E-3	41.007500E+0	21.359713E-12	-95.925766E+0
-13.764706E-9	-444.58312E-3	42.507343E+0	20.111223E-12	-140.79810E+0	-522.87239E-3	-41.103882E+0	34.656170E-12	-241.14742E+0
-13.882352E-9	-448.47769E-3	-14.928182E-3	25.428009E-12	-194.59673E+0	-536.46040E-3	25.677040E+0	17.698303E-12	-140.68561E+0
-14.000000E-9	-476.37889E-3	19.619030E+0	22.107120E-12	-121.43369E+0	-566.11377E-3	-25.285286E+0	30.878095E-12	-186.61835E+0
-14.117647E-9	-501.99282E-3	-84.129044E+0	17.579599E-12	-212.17267E+0	-611.33116E-3	-75.923515E+0	17.753798E-12	-208.77716E+0
-14.235295E-9	-524.43898E-3	-49.397335E+0	18.683336E-12	-163.03534E+0	-629.29225E-3	76.713989E+0	13.623383E-12	-137.47475E+0
-14.352941E-9	-564.46123E-3	11.847876E+0	16.310408E-12	-180.42494E+0	-648.28390E-3	-178.15399E-3	24.477894E-12	-245.45326E+0
-14.470587E-9	-605.84819E-3	-94.170250E+0	27.838180E-12	-218.36459E+0	-661.90588E-3	12.245277E+0	25.986531E-12	-138.54771E+0
-14.588236E-9	-626.95414E-3	-11.478080E+0	21.267274E-12	-123.34725E+0	-667.99062E-3	38.757919E+0	20.232808E-12	-185.55035E+0
-14.705882E-9	-646.97468E-3	8.6279373E+0	21.088018E-12	-101.83284E+0	-692.09695E-3	-68.264046E+0	13.582891E-12	-190.45009E+0
-14.823530E-9	-681.13911E-3	-8.6540136E+0	27.090281E-12	-151.97055E+0	-738.19983E-3	-29.943230E+0	22.643085E-12	-178.20859E+0
-14.941175E-9	-708.70870E-3	-81.454033E+0	33.910284E-12	-239.40813E+0	-762.14850E-3	-83.501617E+0	21.049844E-12	-148.37991E+0
-15.058824E-9	-732.86945E-3	-11.109365E+0	14.104185E-12	-151.67413E+0	-770.57546E-3	28.313354E+0	23.317940E-12	-188.60469E+0
-15.176472E-9	-751.53702E-3	-45.603523E+0	17.280996E-12	-193.59232E+0	-799.70962E-3	-22.231379E+0	21.072045E-12	-185.23912E+0
-15.294116E-9	-771.16799E-3	-83.492691E+0	12.862746E-12	-181.73680E+0	-831.05266E-3	-52.856983E+0	28.476537E-12	-212.05025E+0
-15.411764E-9	-777.97496E-3	1.8214411E+0	31.836596E-12	-173.92661E+0	-837.53461E-3	25.924028E+0	13.716537E-12	-159.81799E+0
-15.529412E-9	-784.33383E-3	40.390614E+0	26.265707E-12	-110.74511E+0	-846.55255E-3	-35.168072E+0	21.481495E-12	-198.28996E+0
-15.647061E-9	-816.93220E-3	1.9028219E+0	18.069341E-12	-140.87000E+0	-881.31309E-3	-57.763226E+0	13.716487E-12	-188.92722E+0
-15.764705E-9	-846.36128E-3	-20.211941E+0	30.444536E-12	-179.35246E+0	-919.02870E-3	-4.1284952E+0	17.813308E-12	-136.06296E+0
-15.882353E-9	-870.75090E-3	-53.095612E+0	27.655362E-12	-201.79103E+0	-944.62943E-3	-15.629642E+0	22.744981E-12	-151.19528E+0
-16.000001E-9	-906.99214E-3	-82.115921E+0	18.666060E-12	-176.36774E+0	-974.64144E-3	-62.087746E+0	27.229274E-12	-203.05251E+0
-16.117646E-9	-936.89680E-3	-83.610352E+0	17.888933E-12	-210.09846E+0	-1.0057739E+0	31.852667E+0	21.879009E-12	-116.31252E+0
-16.235294E-9	-949.59253E-3	-35.089252E+0	27.131129E-12	-168.93651E+0	-1.0203995E+0	-73.926125E+0	22.043541E-12	-223.86584E+0
-16.352942E-9	-969.35123E-3	42.980343E+0	15.367260E-12	-115.43913E+0	-1.0365076E+0	-89.657940E-3	19.860460E-12	-178.24554E+0
-16.470587E-9	-999.69989E-3	-43.819611E+0	21.258547E-12	-177.60580E+0	-1.0589050E+0	-1.7166659E+0	12.204092E-12	-165.89534E+0
-16.588235E-9	-1.0286224E+0	-44.365410E+0	27.396394E-12	-192.61871E+0	-1.0812078E+0	-120.13989E+0	27.070304E-12	-236.19479E+0
-16.705883E-9	-1.0536259E+0	-71.145355E+0	17.839204E-12	-201.94623E+0	-1.1038030E+0	-32.766968E+0	16.318341E-12	-147.94215E+0
-16.823531E-9	-1.0787313E+0	39.131004E+0	20.057820E-12	-148.97498E+0	-1.1413182E+0	-13.634293E+0	26.572749E-12	-173.38889E+0
-16.941176E-9	-1.1070664E+0	-13.108222E+0	17.883309E-12	-155.50395E+0	-1.1631624E+0	-72.744469E+0	8.3684743E-12	-139.73146E+0
-17.058824E-9	-1.1294342E+0	-63.099209E+0	21.171979E-12	-222.19693E+0	-1.1714742E+0	-33.777428E+0	23.192018E-12	-203.69376E+0
-17.176472E-9	-1.1462245E+0	-20.497959E+0	21.689256E-12	-152.23032E+0	-1.2012736E+0	-74.454956E+0	23.995528E-12	-219.39757E+0
-17.294116E-9	-1.1750127E+0	-109.27225E+0	19.877735E-12	-167.24915E+0	-1.2457627E+0	-47.786469E+0	36.487875E-12	-209.55367E+0
-17.411764E-9	-1.1928874E+0	-26.121300E+0	24.096062E-12	-201.93005E+0	-1.2758341E+0	-25.128937E+0	24.430223E-12	-100.23989E+0
-17.529413E-9	-1.2082057E+0	-52.533638E+0	32.399923E-12	-245.52217E+0	-1.2861817E+0	-69.751045E+0	30.528358E-12	-222.05089E+0
-17.647057E-9	-1.2316127E+0	30.103392E+0	29.539628E-12	-137.22162E+0	-1.2982198E+0	63.862534E+0	20.714231E-12	-96.708046E+0
-17.764705E-9	-1.2602097E+0	-71.403343E+0	27.571841E-12	-217.32137E+0	-1.3206004E+0	57.691822E+0	17.562370E-12	-123.03543E+0
-17.882353E-9	-1.2834656E+0	-12.330791E+0	19.422216E-12	-136.15714E+0	-1.3472005E+0	30.424057E+0	23.012876E-12	-128.58507E+0
-18.000001E-9	-1.3138015E+0	1.2536310E+0	28.940964E-12	-150.71875E+0	-1.3808365E+0	1.1067390E-3	18.291386E-12	-147.96771E+0
-18.117646E-9	-1.3487488E+0	-56.977360E+0	20.776561E-12	-195.37491E+0	-1.4108449E+0	42.403316E+0	14.509305E-12	-161.14076E+0
-18.235294E-9	-1.3699936E+0	-29.863325E+0	24.837774E-12	-210.80927E+0	-1.4290599E+0	-32.898403E+0	23.691374E-12	-188.27135E+0
-18.352942E-9	-1.3727996E+0	-109.90978E+0	18.650066E-12	-197.61453E+0	-1.4333308E+0	22.599232E+0	19.854403E-12	-131.54102E+0
-18.470587E-9	-1.3931417E+0	-20.525558E+0	19.597051E-12	-177.20769E+0	-1.4445242E+0	-71.473602E+0	23.302443E-12	-225.14609E+0
-18.588235E-9	-1.4300003E+0	-37.447006E+0	35.088019E-12	-185.53229E+0	-1.4673640E+0	-35.773045E+0	27.581331E-12	-182.67715E+0
-18.705883E-9	-1.4647486E+0	-32.849712E+0	25.727745E-12	-216.79445E+0	-1.4971298E+0	-99.870529E+0	14.814070E-12	-216.74681E+0
-18.823531E-9	-1.4830154E+0	-57.845615E+0	21.918510E-12	-217.03073E+0	-1.5346960E+0	-91.280411E+0	16.015548E-12	-190.36409E+0
-18.941176E-9	-1.5116034E+0	-101.17198E+0	29.005106E-12	-237.66257E+0	-1.5668843E+0	29.696072E+0	22.072809E-12	-177.54002E+0
-19.058824E-9	-1.5345129E+0	-110.89561E+0	22.073265E-12	-167.91075E+0	-1.5731558E+0	-21.048363E+0	14.742704E-12	-150.59071E+0
-19.176472E-9	-1.5391682E+0	4.0432782E+0	11.320501E-12	-151.46272E+0	-1.5796006E+0	-349.86010E-3	22.119331E-12	-166.01477E+0
-19.294117E-9	-1.5549748E+0	40.567951E+0	10.098483E-12	-131.34248E+0	-1.6150452E+0	-82.829430E+0	31.117005E-12	-235.45982E+0
-19.411765E-9	-1.5914724E+0	10.813869E+0	31.400320E-12	-221.51956E+0	-1.6514806E+0	-63.127331E+0	21.448777E-12	-201.52190E+0
-19.529413E-9	-1.6220535E+0	-39.500225E+0	24.759805E-12	-158.72238E+0	-1.6734776E+0	44.114433E+0	21.739504E-12	-140.96469E+0
-19.647057E-9	-1.6471416E+0	-7.0928950E+0	24.576795E-12	-170.22787E+0	-1.6853669E+0	-65.630272E+0	32.727824E-12	-216.46043E+0
-19.764705E-9	-1.6837651E+0	24.743671E+0	15.479298E-12	-152.83691E+0	-1.7034165E+0	-99.730560E+0	31.097565E-12	-220.10066E+0
-19.882354E-9	-1.7042445E+0	-71.081070E+0	20.111334E-12	-200.99062E+0	-1.7164606E+0	-11.179095E+0	19.526287E-12	-149.29410E+0
-19.999998E-9	-1.7086105E+0	-78.987534E+0	24.238465E-12	-235.91020E+0	-1.7049294E+0	-40.959370E+0	25.100439E-12	-206.97412E+0
