Experiment	Experiment	
Saved Date	19.09.2019 15:04:38	
User		
f_res (Hz)	320220.913	
Q	64.3	
Phase (deg)	-446.00	
Amp/Exc (nm/mV)	0.038029	
Number of points	256	
Fit length	 	
Comment01	500kHz freq. sweep - 1st and 2nd resonance - dumped and standing free	

[DATA]
OC M1 Freq. Shift (Hz)	OC M1 Center Freq. (Hz)	OC D1 Amplitude (m)	OC D1 Phase (deg)
-250.00000E+3	250.00000E+3	28.146364E-12	61.433231E+0
-248.03922E+3	250.00000E+3	26.923330E-12	-2.5967746E-3
-246.07844E+3	250.00000E+3	24.270679E-12	1.0686916E+0
-244.11766E+3	250.00000E+3	22.048368E-12	328.43432E-3
-242.15687E+3	250.00000E+3	18.563382E-12	2.7567875E+0
-240.19609E+3	250.00000E+3	15.329276E-12	4.4973960E+0
-238.23531E+3	250.00000E+3	12.037015E-12	8.6623116E+0
-236.27453E+3	250.00000E+3	10.273214E-12	5.3780360E+0
-234.31375E+3	250.00000E+3	8.3800267E-12	8.5153217E+0
-232.35297E+3	250.00000E+3	7.6395669E-12	10.409228E+0
-230.39219E+3	250.00000E+3	7.1987776E-12	12.186055E+0
-228.43141E+3	250.00000E+3	7.1993370E-12	13.225973E+0
-226.47062E+3	250.00000E+3	7.5742754E-12	20.442791E+0
-224.50984E+3	250.00000E+3	8.0197021E-12	8.6770363E+0
-222.54906E+3	250.00000E+3	8.8150485E-12	11.640872E+0
-220.58828E+3	250.00000E+3	10.317797E-12	5.6499014E+0
-218.62750E+3	250.00000E+3	10.564674E-12	7.5186610E+0
-216.66672E+3	250.00000E+3	12.289353E-12	2.6073773E+0
-214.70594E+3	250.00000E+3	14.469987E-12	3.1180489E+0
-212.74516E+3	250.00000E+3	17.123872E-12	3.8883212E+0
-210.78437E+3	250.00000E+3	19.169267E-12	3.9797177E+0
-208.82359E+3	250.00000E+3	21.065883E-12	2.6331346E+0
-206.86281E+3	250.00000E+3	23.912967E-12	2.1601462E+0
-204.90203E+3	250.00000E+3	23.996149E-12	440.57429E-3
-202.94125E+3	250.00000E+3	24.794349E-12	8.3620481E+0
-200.98047E+3	250.00000E+3	27.030569E-12	12.713978E+0
-199.01969E+3	250.00000E+3	43.323425E-12	21.207062E+0
-197.05891E+3	250.00000E+3	69.772403E-12	-28.020458E+0
-195.09812E+3	250.00000E+3	45.327464E-12	-131.51610E+0
-193.13734E+3	250.00000E+3	120.54056E-12	66.288574E+0
-191.17656E+3	250.00000E+3	347.24726E-12	86.492409E+0
-189.21578E+3	250.00000E+3	114.05650E-12	5.3529563E+0
-187.25500E+3	250.00000E+3	42.150207E-12	16.392109E+0
-185.29422E+3	250.00000E+3	42.968382E-12	-2.9058526E+0
-183.33344E+3	250.00000E+3	58.399924E-12	-287.42772E-3
-181.37266E+3	250.00000E+3	45.561534E-12	-1.1413410E+0
-179.41187E+3	250.00000E+3	20.424232E-12	-3.9959574E+0
-177.45109E+3	250.00000E+3	13.945877E-12	313.72601E-3
-175.49031E+3	250.00000E+3	13.766805E-12	-4.1932731E+0
-173.52953E+3	250.00000E+3	8.3202811E-12	8.0265532E+0
-171.56875E+3	250.00000E+3	7.8536075E-12	-12.001298E+0
-169.60797E+3	250.00000E+3	8.5184255E-12	-20.557751E+0
-167.64719E+3	250.00000E+3	11.635906E-12	22.579414E+0
-165.68641E+3	250.00000E+3	9.4965962E-12	31.888189E+0
-163.72562E+3	250.00000E+3	10.721906E-12	36.673382E+0
-161.76484E+3	250.00000E+3	11.425892E-12	18.451151E+0
-159.80406E+3	250.00000E+3	11.586169E-12	29.450686E+0
-157.84328E+3	250.00000E+3	8.8639833E-12	-12.965074E+0
-155.88250E+3	250.00000E+3	8.4620505E-12	9.5893221E+0
-153.92172E+3	250.00000E+3	7.9627745E-12	3.7738006E+0
-151.96094E+3	250.00000E+3	7.3636245E-12	4.2784271E+0
-150.00016E+3	250.00000E+3	7.1640467E-12	1.6659675E+0
-148.03937E+3	250.00000E+3	7.0039270E-12	4.9217153E+0
-146.07859E+3	250.00000E+3	7.0593639E-12	2.1381626E+0
-144.11781E+3	250.00000E+3	7.0776076E-12	232.11324E-3
-142.15703E+3	250.00000E+3	7.3598601E-12	9.5178137E+0
-140.19625E+3	250.00000E+3	7.1236146E-12	2.8500755E+0
-138.23547E+3	250.00000E+3	7.0263500E-12	6.2313166E+0
-136.27469E+3	250.00000E+3	6.9648896E-12	17.033485E+0
-134.31391E+3	250.00000E+3	7.0011314E-12	3.1242454E+0
-132.35312E+3	250.00000E+3	7.0182571E-12	12.422216E+0
-130.39234E+3	250.00000E+3	6.8839058E-12	6.9034238E+0
-128.43156E+3	250.00000E+3	6.9019963E-12	5.9351840E+0
-126.47078E+3	250.00000E+3	6.8813379E-12	985.19790E-3
-124.51000E+3	250.00000E+3	7.2728425E-12	15.576881E+0
-122.54922E+3	250.00000E+3	7.1645541E-12	13.076437E+0
-120.58844E+3	250.00000E+3	7.5579248E-12	36.137413E+0
-118.62766E+3	250.00000E+3	7.2238305E-12	10.992414E+0
-116.66687E+3	250.00000E+3	7.1326044E-12	11.769935E+0
-114.70609E+3	250.00000E+3	6.9544600E-12	3.6784272E+0
-112.74531E+3	250.00000E+3	7.1097520E-12	-291.71109E-3
-110.78453E+3	250.00000E+3	7.0903812E-12	17.862656E+0
-108.82375E+3	250.00000E+3	7.3456553E-12	17.996264E+0
-106.86297E+3	250.00000E+3	7.0230284E-12	18.040817E+0
-104.90219E+3	250.00000E+3	6.8689113E-12	8.9452400E+0
-102.94141E+3	250.00000E+3	7.0415587E-12	21.609892E+0
-100.98062E+3	250.00000E+3	7.1149571E-12	4.4903193E+0
-99.019844E+3	250.00000E+3	7.2832218E-12	25.909851E+0
-97.059062E+3	250.00000E+3	7.5448016E-12	39.317703E+0
-95.098281E+3	250.00000E+3	7.8855247E-12	50.257935E+0
-93.137500E+3	250.00000E+3	7.1642553E-12	24.520529E+0
-91.176719E+3	250.00000E+3	7.7242318E-12	20.121277E+0
-89.215937E+3	250.00000E+3	8.6522317E-12	65.286652E+0
-87.255156E+3	250.00000E+3	14.771340E-12	93.582726E+0
-85.294375E+3	250.00000E+3	20.000888E-12	-15.795548E+0
-83.333594E+3	250.00000E+3	33.500022E-12	-46.153061E+0
-81.372812E+3	250.00000E+3	20.737407E-12	-136.23218E+0
-79.412031E+3	250.00000E+3	8.6101976E-12	65.577194E+0
-77.451250E+3	250.00000E+3	7.2393064E-12	-32.732494E+0
-75.490469E+3	250.00000E+3	8.9299479E-12	39.159088E+0
-73.529687E+3	250.00000E+3	7.3802449E-12	-38.850685E+0
-71.568906E+3	250.00000E+3	14.105039E-12	-72.507683E+0
-69.608125E+3	250.00000E+3	7.8834196E-12	49.868965E+0
-67.647344E+3	250.00000E+3	6.8928014E-12	-1.9683570E+0
-65.686562E+3	250.00000E+3	7.7533943E-12	-45.805660E+0
-63.725777E+3	250.00000E+3	22.630495E-12	115.35645E+0
-61.764992E+3	250.00000E+3	20.840619E-12	111.03915E+0
-59.804207E+3	250.00000E+3	7.9279526E-12	4.5586667E+0
-57.843422E+3	250.00000E+3	13.056420E-12	89.283287E+0
-55.882637E+3	250.00000E+3	9.7696946E-12	79.820854E+0
-53.921852E+3	250.00000E+3	18.372250E-12	23.719706E+0
-51.961066E+3	250.00000E+3	11.962148E-12	-9.7742815E+0
-50.000281E+3	250.00000E+3	9.3065616E-12	-35.570656E+0
-48.039496E+3	250.00000E+3	7.2092679E-12	-32.017265E+0
-46.078711E+3	250.00000E+3	7.2959009E-12	16.382265E+0
-44.117926E+3	250.00000E+3	7.2119025E-12	24.220009E+0
-42.157141E+3	250.00000E+3	10.729586E-12	-83.875687E+0
-40.196355E+3	250.00000E+3	8.7530556E-12	-48.675045E+0
-38.235570E+3	250.00000E+3	6.9093381E-12	-10.510683E+0
-36.274785E+3	250.00000E+3	7.4927070E-12	-18.404627E+0
-34.314000E+3	250.00000E+3	6.8705705E-12	5.3347530E+0
-32.353215E+3	250.00000E+3	7.5518003E-12	-19.406624E+0
-30.392430E+3	250.00000E+3	7.1534337E-12	-29.438768E+0
-28.431645E+3	250.00000E+3	7.7651956E-12	-43.163185E+0
-26.470859E+3	250.00000E+3	9.3683715E-12	-40.336205E+0
-24.510074E+3	250.00000E+3	10.285921E-12	20.137785E+0
-22.549289E+3	250.00000E+3	9.4659038E-12	28.349638E+0
-20.588504E+3	250.00000E+3	9.2496583E-12	77.740425E+0
-18.627719E+3	250.00000E+3	8.5882178E-12	66.128441E+0
-16.666934E+3	250.00000E+3	9.3414139E-12	72.008293E+0
-14.706149E+3	250.00000E+3	7.3656879E-12	26.116270E+0
-12.745365E+3	250.00000E+3	7.1315519E-12	16.571486E+0
-10.784581E+3	250.00000E+3	7.2972964E-12	33.980316E+0
-8.8237969E+3	250.00000E+3	6.9647942E-12	7.8188095E+0
-6.8630127E+3	250.00000E+3	7.5644100E-12	44.028507E+0
-4.9022285E+3	250.00000E+3	6.9530848E-12	5.7397699E+0
-2.9414443E+3	250.00000E+3	9.3326388E-12	71.200165E+0
-980.66003E+0	250.00000E+3	9.0421108E-12	14.145350E+0
980.12427E+0	250.00000E+3	8.6858784E-12	-13.059747E+0
2.9409087E+3	250.00000E+3	9.7495293E-12	-64.716270E+0
4.9016929E+3	250.00000E+3	7.2855827E-12	-4.3726873E+0
6.8624771E+3	250.00000E+3	6.8812924E-12	-10.565950E+0
8.8232617E+3	250.00000E+3	8.2870377E-12	-27.556925E+0
10.784046E+3	250.00000E+3	8.5530949E-12	21.081264E+0
12.744830E+3	250.00000E+3	10.677601E-12	94.353859E+0
14.705614E+3	250.00000E+3	11.967757E-12	89.668747E+0
16.666398E+3	250.00000E+3	13.560414E-12	33.839272E+0
18.627184E+3	250.00000E+3	8.8298171E-12	-15.155510E+0
20.587969E+3	250.00000E+3	6.8934693E-12	-18.674412E+0
22.548754E+3	250.00000E+3	9.5195848E-12	-12.099381E+0
24.509539E+3	250.00000E+3	18.079800E-12	-84.260788E+0
26.470324E+3	250.00000E+3	8.4518312E-12	-57.418983E+0
28.431109E+3	250.00000E+3	6.8831260E-12	-472.40856E-3
30.391895E+3	250.00000E+3	9.2271893E-12	-45.694458E+0
32.352680E+3	250.00000E+3	15.696373E-12	-116.92093E+0
34.313465E+3	250.00000E+3	10.788247E-12	-66.625389E+0
36.274250E+3	250.00000E+3	12.811047E-12	106.48678E+0
38.235035E+3	250.00000E+3	9.8035286E-12	-11.135560E+0
40.195820E+3	250.00000E+3	17.549772E-12	-17.649828E+0
42.156605E+3	250.00000E+3	30.720138E-12	-118.65877E+0
44.117391E+3	250.00000E+3	25.667317E-12	143.56107E+0
46.078176E+3	250.00000E+3	9.1061100E-12	45.003990E+0
48.038961E+3	250.00000E+3	7.3102063E-12	-27.152544E+0
49.999746E+3	250.00000E+3	50.562676E-12	-160.33307E+0
51.960531E+3	250.00000E+3	26.792969E-12	113.83381E+0
53.921316E+3	250.00000E+3	46.009922E-12	144.57608E+0
55.882102E+3	250.00000E+3	43.790065E-12	106.57341E+0
57.842887E+3	250.00000E+3	45.630159E-12	-29.284159E+0
59.803672E+3	250.00000E+3	84.749485E-12	123.70486E+0
61.764457E+3	250.00000E+3	267.31056E-12	-31.281416E+0
63.725242E+3	250.00000E+3	70.305137E-12	-165.55247E+0
65.686023E+3	250.00000E+3	242.56624E-12	59.430084E+0
67.646805E+3	250.00000E+3	337.19263E-12	-55.316296E+0
69.607586E+3	250.00000E+3	559.20807E-12	-145.53506E+0
71.568367E+3	250.00000E+3	393.29917E-12	159.48282E+0
73.529148E+3	250.00000E+3	570.43131E-12	-86.169479E+0
75.489930E+3	250.00000E+3	217.97719E-12	166.24020E+0
77.450711E+3	250.00000E+3	247.52222E-12	141.65154E+0
79.411492E+3	250.00000E+3	95.701787E-12	91.144463E+0
81.372273E+3	250.00000E+3	92.374094E-12	73.693008E+0
83.333055E+3	250.00000E+3	166.41366E-12	73.193527E+0
85.293836E+3	250.00000E+3	139.71180E-12	24.461994E+0
87.254617E+3	250.00000E+3	81.457584E-12	-51.544228E+0
89.215398E+3	250.00000E+3	55.578885E-12	-157.20399E+0
91.176180E+3	250.00000E+3	93.480036E-12	72.479805E+0
93.136961E+3	250.00000E+3	99.259795E-12	-26.459837E+0
95.097742E+3	250.00000E+3	48.457665E-12	-44.849102E+0
97.058523E+3	250.00000E+3	62.719725E-12	-79.075119E+0
99.019305E+3	250.00000E+3	56.446087E-12	100.17383E+0
100.98009E+3	250.00000E+3	57.705583E-12	-113.96783E+0
102.94087E+3	250.00000E+3	37.496197E-12	115.79935E+0
104.90165E+3	250.00000E+3	46.734002E-12	38.081387E+0
106.86243E+3	250.00000E+3	24.533785E-12	80.317589E+0
108.82321E+3	250.00000E+3	75.951363E-12	12.539615E+0
110.78399E+3	250.00000E+3	46.537229E-12	-41.977398E+0
112.74477E+3	250.00000E+3	57.266310E-12	-7.2717257E+0
114.70555E+3	250.00000E+3	95.465108E-12	-28.628307E+0
116.66634E+3	250.00000E+3	128.81850E-12	-77.081055E+0
118.62712E+3	250.00000E+3	141.88678E-12	-104.20210E+0
120.58790E+3	250.00000E+3	147.15953E-12	-143.24463E+0
122.54868E+3	250.00000E+3	119.71171E-12	-153.43517E+0
124.50946E+3	250.00000E+3	117.05938E-12	160.29659E+0
126.47024E+3	250.00000E+3	58.606169E-12	-106.47688E+0
128.43102E+3	250.00000E+3	85.820726E-12	21.516500E+0
130.39180E+3	250.00000E+3	90.993581E-12	-119.06566E+0
132.35259E+3	250.00000E+3	442.88606E-12	-140.38531E+0
134.31337E+3	250.00000E+3	284.96630E-12	33.280022E+0
136.27416E+3	250.00000E+3	202.25291E-12	-18.559999E+0
138.23494E+3	250.00000E+3	31.523870E-12	-39.948463E+0
140.19572E+3	250.00000E+3	39.832301E-12	91.858452E+0
142.15650E+3	250.00000E+3	88.102137E-12	5.3204412E+0
144.11728E+3	250.00000E+3	45.611129E-12	-8.5739298E+0
146.07806E+3	250.00000E+3	61.322662E-12	-12.179729E+0
148.03884E+3	250.00000E+3	89.241455E-12	-65.348289E+0
149.99962E+3	250.00000E+3	56.494618E-12	-113.67297E+0
151.96041E+3	250.00000E+3	54.270775E-12	-126.63323E+0
153.92119E+3	250.00000E+3	16.111916E-12	112.82304E+0
155.88197E+3	250.00000E+3	8.8701381E-12	-45.265163E+0
157.84275E+3	250.00000E+3	35.450271E-12	-119.82858E+0
159.80353E+3	250.00000E+3	38.937995E-12	88.302528E+0
161.76431E+3	250.00000E+3	67.073624E-12	-165.22958E+0
163.72509E+3	250.00000E+3	81.235699E-12	110.10723E+0
165.68587E+3	250.00000E+3	30.418865E-12	91.720345E+0
167.64666E+3	250.00000E+3	59.618144E-12	72.237198E+0
169.60744E+3	250.00000E+3	47.723072E-12	16.566559E+0
171.56822E+3	250.00000E+3	29.593890E-12	-21.139393E+0
173.52900E+3	250.00000E+3	6.9300147E-12	7.7750478E+0
175.48978E+3	250.00000E+3	9.9994058E-12	50.856133E+0
177.45056E+3	250.00000E+3	10.472261E-12	41.391060E+0
179.41134E+3	250.00000E+3	25.308960E-12	26.467430E+0
181.37212E+3	250.00000E+3	16.679763E-12	-34.595078E+0
183.33291E+3	250.00000E+3	14.414733E-12	-88.350761E+0
185.29369E+3	250.00000E+3	11.070791E-12	94.830940E+0
187.25447E+3	250.00000E+3	22.454021E-12	-11.395262E+0
189.21525E+3	250.00000E+3	11.744728E-12	-84.257317E+0
191.17603E+3	250.00000E+3	7.4970741E-12	-9.3269167E+0
193.13681E+3	250.00000E+3	9.2291175E-12	-31.760166E+0
195.09759E+3	250.00000E+3	9.3413584E-12	-30.602331E+0
197.05837E+3	250.00000E+3	9.8174645E-12	-47.096199E+0
199.01916E+3	250.00000E+3	7.4162421E-12	-21.764442E+0
200.97994E+3	250.00000E+3	18.670102E-12	33.758396E+0
202.94072E+3	250.00000E+3	44.877446E-12	-8.2746372E+0
204.90150E+3	250.00000E+3	59.076750E-12	-70.231003E+0
206.86228E+3	250.00000E+3	67.710441E-12	-102.25573E+0
208.82306E+3	250.00000E+3	85.330819E-12	-140.84967E+0
210.78384E+3	250.00000E+3	86.663669E-12	144.08366E+0
212.74462E+3	250.00000E+3	37.220366E-12	103.59770E+0
214.70541E+3	250.00000E+3	35.823386E-12	68.347504E+0
216.66619E+3	250.00000E+3	12.441768E-12	35.904819E+0
218.62697E+3	250.00000E+3	10.003009E-12	8.5030680E+0
220.58775E+3	250.00000E+3	8.6460075E-12	58.975471E+0
222.54853E+3	250.00000E+3	7.9210085E-12	46.988308E+0
224.50931E+3	250.00000E+3	9.1527940E-12	66.278481E+0
226.47009E+3	250.00000E+3	7.2956615E-12	28.565456E+0
228.43087E+3	250.00000E+3	7.4425275E-12	5.9678402E+0
230.39166E+3	250.00000E+3	7.2378809E-12	28.463438E+0
232.35244E+3	250.00000E+3	9.7495432E-12	37.071800E+0
234.31322E+3	250.00000E+3	8.1713932E-12	-43.208641E+0
236.27400E+3	250.00000E+3	7.4045839E-12	-40.047470E+0
238.23478E+3	250.00000E+3	7.0662473E-12	13.409129E+0
240.19556E+3	250.00000E+3	7.6300459E-12	38.807587E+0
242.15634E+3	250.00000E+3	7.9848931E-12	-2.9642603E+0
244.11712E+3	250.00000E+3	7.3888213E-12	-36.051624E+0
246.07791E+3	250.00000E+3	9.1657151E-12	7.2768502E+0
248.03869E+3	250.00000E+3	7.9808295E-12	52.979248E+0
249.99947E+3	250.00000E+3	8.2936808E-12	-59.470665E+0
