Experiment	Experiment	
Saved Date	23.03.2020 15:13:38	
User		
f_res (Hz)	397459.611	
Q	114191	
Phase (deg)	80.69	
Amp/Exc (nm/mV)	0.191606	
Number of points	512	
Fit length	 	

[DATA]
OC M1 Freq. Shift (Hz)	OC M1 Center Freq. (Hz)	OC D1 Amplitude (m)	OC D1 Phase (deg)
-250.00000E+3	250.00000E+3	50.868094E-12	21.978718E+0
-249.02153E+3	250.00000E+3	41.421908E-12	-1.1719404E+0
-248.04306E+3	250.00000E+3	45.353638E-12	-1.1208833E+0
-247.06459E+3	250.00000E+3	48.605873E-12	164.93502E-3
-246.08612E+3	250.00000E+3	46.398538E-12	1.7514989E+0
-245.10766E+3	250.00000E+3	45.629209E-12	-786.29827E-3
-244.12919E+3	250.00000E+3	43.996869E-12	-965.60633E-3
-243.15072E+3	250.00000E+3	41.166286E-12	-337.53762E-3
-242.17225E+3	250.00000E+3	39.878642E-12	907.76020E-3
-241.19378E+3	250.00000E+3	34.190071E-12	1.8489357E+0
-240.21531E+3	250.00000E+3	32.102716E-12	3.1739264E+0
-239.23684E+3	250.00000E+3	28.167114E-12	1.0454628E+0
-238.25837E+3	250.00000E+3	24.564703E-12	369.52397E-3
-237.27991E+3	250.00000E+3	21.635988E-12	-2.8301795E+0
-236.30144E+3	250.00000E+3	18.659109E-12	-1.2176071E+0
-235.32297E+3	250.00000E+3	16.073358E-12	-690.04136E-3
-234.34450E+3	250.00000E+3	12.533041E-12	2.5416975E+0
-233.36603E+3	250.00000E+3	10.121668E-12	2.1877613E+0
-232.38756E+3	250.00000E+3	7.8867139E-12	-1.0568365E+0
-231.40909E+3	250.00000E+3	6.2304445E-12	-13.410788E+0
-230.43062E+3	250.00000E+3	5.8740612E-12	-3.2813208E+0
-229.45216E+3	250.00000E+3	5.6148142E-12	5.2000532E+0
-228.47369E+3	250.00000E+3	5.9790523E-12	8.4183950E+0
-227.49522E+3	250.00000E+3	6.4808965E-12	-7.0027246E+0
-226.51675E+3	250.00000E+3	7.5357177E-12	-2.0093279E+0
-225.53828E+3	250.00000E+3	8.4241225E-12	-5.9348717E+0
-224.55981E+3	250.00000E+3	8.5048843E-12	624.43542E-3
-223.58134E+3	250.00000E+3	8.5687724E-12	-5.2142839E+0
-222.60287E+3	250.00000E+3	9.1243393E-12	245.42189E-3
-221.62441E+3	250.00000E+3	9.9248465E-12	-2.4119198E+0
-220.64594E+3	250.00000E+3	10.296357E-12	1.2943234E+0
-219.66747E+3	250.00000E+3	10.727072E-12	3.3099828E+0
-218.68900E+3	250.00000E+3	11.104767E-12	-3.8889155E+0
-217.71053E+3	250.00000E+3	11.279881E-12	5.3005085E+0
-216.73206E+3	250.00000E+3	11.867155E-12	1.0230156E+0
-215.75359E+3	250.00000E+3	12.607848E-12	956.92348E-3
-214.77512E+3	250.00000E+3	13.174324E-12	-3.4967608E+0
-213.79666E+3	250.00000E+3	14.546338E-12	50.324194E-3
-212.81819E+3	250.00000E+3	14.650317E-12	-6.1087208E+0
-211.83972E+3	250.00000E+3	16.822307E-12	1.6969241E-3
-210.86125E+3	250.00000E+3	17.242529E-12	2.8852637E+0
-209.88278E+3	250.00000E+3	16.870765E-12	2.2914152E+0
-208.90431E+3	250.00000E+3	17.558286E-12	-2.6098936E+0
-207.92584E+3	250.00000E+3	18.147542E-12	-526.60823E-3
-206.94737E+3	250.00000E+3	18.947899E-12	-3.6476889E+0
-205.96891E+3	250.00000E+3	19.335266E-12	-18.277464E+0
-204.99044E+3	250.00000E+3	19.561477E-12	-105.35136E-3
-204.01197E+3	250.00000E+3	19.800481E-12	-847.05508E-3
-203.03350E+3	250.00000E+3	19.179339E-12	-1.0156186E+0
-202.05503E+3	250.00000E+3	17.475755E-12	-3.1937737E+0
-201.07656E+3	250.00000E+3	17.212017E-12	-2.1034560E+0
-200.09809E+3	250.00000E+3	18.424486E-12	-857.41740E-3
-199.11962E+3	250.00000E+3	20.452771E-12	4.3976912E+0
-198.14116E+3	250.00000E+3	27.357587E-12	2.1141405E+0
-197.16269E+3	250.00000E+3	31.015423E-12	1.0329344E+0
-196.18422E+3	250.00000E+3	19.894414E-12	-1.7960850E+0
-195.20575E+3	250.00000E+3	22.611859E-12	2.6952579E+0
-194.22728E+3	250.00000E+3	26.705931E-12	-3.4357238E+0
-193.24881E+3	250.00000E+3	36.657451E-12	2.8402331E+0
-192.27034E+3	250.00000E+3	30.939439E-12	-2.4780176E+0
-191.29187E+3	250.00000E+3	34.525358E-12	688.05498E-3
-190.31341E+3	250.00000E+3	35.142968E-12	1.5901593E+0
-189.33494E+3	250.00000E+3	29.369243E-12	-1.4696226E+0
-188.35647E+3	250.00000E+3	10.413580E-12	18.810194E+0
-187.37800E+3	250.00000E+3	23.230305E-12	3.7316456E+0
-186.39953E+3	250.00000E+3	20.046246E-12	-1.3780781E+0
-185.42106E+3	250.00000E+3	20.422169E-12	2.0644515E+0
-184.44259E+3	250.00000E+3	21.961776E-12	-492.86637E-3
-183.46412E+3	250.00000E+3	26.961209E-12	-241.88869E-3
-182.48566E+3	250.00000E+3	19.481340E-12	-2.7671242E+0
-181.50719E+3	250.00000E+3	18.329720E-12	2.3658345E+0
-180.52872E+3	250.00000E+3	9.4552855E-12	-984.58141E-3
-179.55025E+3	250.00000E+3	12.268961E-12	3.2800310E+0
-178.57178E+3	250.00000E+3	12.727454E-12	-1.2543809E+0
-177.59331E+3	250.00000E+3	10.282916E-12	-112.14976E-3
-176.61484E+3	250.00000E+3	8.3479248E-12	3.8387537E+0
-175.63637E+3	250.00000E+3	8.2120109E-12	1.4516498E+0
-174.65791E+3	250.00000E+3	10.524266E-12	-1.2358292E+0
-173.67944E+3	250.00000E+3	8.2410832E-12	2.2134848E+0
-172.70097E+3	250.00000E+3	8.2872277E-12	1.8658848E+0
-171.72250E+3	250.00000E+3	7.3692432E-12	-7.7747664E+0
-170.74403E+3	250.00000E+3	6.3927977E-12	-215.80909E-3
-169.76556E+3	250.00000E+3	6.3872375E-12	-3.8239524E+0
-168.78709E+3	250.00000E+3	6.3886609E-12	-4.9850211E+0
-167.80862E+3	250.00000E+3	6.6282054E-12	-223.77397E-3
-166.83016E+3	250.00000E+3	6.5472623E-12	4.1338892E+0
-165.85169E+3	250.00000E+3	7.0920240E-12	1.7884852E+0
-164.87322E+3	250.00000E+3	6.9909417E-12	8.5939512E+0
-163.89475E+3	250.00000E+3	7.1866623E-12	-1.5340433E+0
-162.91628E+3	250.00000E+3	7.7410318E-12	-2.5450130E+0
-161.93781E+3	250.00000E+3	8.0598644E-12	-12.794585E+0
-160.95934E+3	250.00000E+3	8.0580872E-12	-3.1742508E+0
-159.98087E+3	250.00000E+3	7.7870843E-12	-5.6431227E+0
-159.00241E+3	250.00000E+3	8.0519471E-12	-4.9428287E+0
-158.02394E+3	250.00000E+3	8.5742741E-12	1.0579960E+0
-157.04547E+3	250.00000E+3	8.0638985E-12	5.6397505E+0
-156.06700E+3	250.00000E+3	6.9663086E-12	-2.4970789E+0
-155.08853E+3	250.00000E+3	7.0150340E-12	-4.9035630E+0
-154.11006E+3	250.00000E+3	7.0061626E-12	-384.95353E-3
-153.13159E+3	250.00000E+3	6.5882603E-12	-15.632678E+0
-152.15312E+3	250.00000E+3	6.1729710E-12	-4.6878872E+0
-151.17466E+3	250.00000E+3	5.9139781E-12	-9.3665895E+0
-150.19619E+3	250.00000E+3	5.8211496E-12	1.1397849E+0
-149.21772E+3	250.00000E+3	5.7384640E-12	-6.6234283E+0
-148.23925E+3	250.00000E+3	5.6236430E-12	-7.5340095E+0
-147.26078E+3	250.00000E+3	5.1252995E-12	2.3505976E+0
-146.28231E+3	250.00000E+3	5.4004409E-12	4.1645784E+0
-145.30384E+3	250.00000E+3	5.3187580E-12	-124.21885E-3
-144.32537E+3	250.00000E+3	5.4067081E-12	-11.283010E+0
-143.34691E+3	250.00000E+3	5.4818502E-12	-5.6806340E+0
-142.36844E+3	250.00000E+3	5.0642420E-12	-10.723846E+0
-141.38997E+3	250.00000E+3	5.3368733E-12	-7.4590435E+0
-140.41150E+3	250.00000E+3	5.3039470E-12	-3.6649957E+0
-139.43303E+3	250.00000E+3	5.3013553E-12	-5.7065334E+0
-138.45456E+3	250.00000E+3	5.3527360E-12	5.0668902E+0
-137.47609E+3	250.00000E+3	5.3073288E-12	1.3227216E+0
-136.49762E+3	250.00000E+3	5.3665722E-12	6.5706697E+0
-135.51916E+3	250.00000E+3	5.5477940E-12	-2.0840988E+0
-134.54069E+3	250.00000E+3	5.5629121E-12	-7.8898463E+0
-133.56222E+3	250.00000E+3	5.1118714E-12	-4.3374276E+0
-132.58375E+3	250.00000E+3	5.4016570E-12	337.20660E-3
-131.60528E+3	250.00000E+3	5.5616904E-12	5.0949116E+0
-130.62680E+3	250.00000E+3	5.4072974E-12	-1.6460534E+0
-129.64833E+3	250.00000E+3	5.5018095E-12	-3.4743533E+0
-128.66985E+3	250.00000E+3	5.2747424E-12	-10.501920E+0
-127.69137E+3	250.00000E+3	5.4676233E-12	-11.385281E+0
-126.71290E+3	250.00000E+3	5.4311377E-12	-3.1476803E+0
-125.73442E+3	250.00000E+3	5.6477054E-12	-12.053306E+0
-124.75595E+3	250.00000E+3	5.2418998E-12	5.0688581E+0
-123.77747E+3	250.00000E+3	5.3868208E-12	-2.0458882E+0
-122.79899E+3	250.00000E+3	5.3486243E-12	5.1321011E+0
-121.82052E+3	250.00000E+3	5.4238693E-12	-7.9194884E+0
-120.84204E+3	250.00000E+3	5.4138447E-12	-1.1873165E+0
-119.86356E+3	250.00000E+3	5.4872526E-12	-4.6849341E+0
-118.88509E+3	250.00000E+3	5.5171002E-12	-6.7460318E+0
-117.90661E+3	250.00000E+3	5.3868273E-12	-78.642234E-3
-116.92813E+3	250.00000E+3	5.3511293E-12	-14.781042E+0
-115.94966E+3	250.00000E+3	5.5135467E-12	1.5558239E+0
-114.97118E+3	250.00000E+3	5.3504826E-12	-11.131652E+0
-113.99270E+3	250.00000E+3	5.5091795E-12	939.51046E-3
-113.01423E+3	250.00000E+3	5.2739770E-12	-9.7319927E+0
-112.03575E+3	250.00000E+3	5.5273403E-12	-9.6366177E+0
-111.05727E+3	250.00000E+3	5.4544346E-12	-3.0859559E+0
-110.07880E+3	250.00000E+3	5.3064636E-12	1.2738651E+0
-109.10032E+3	250.00000E+3	5.2113084E-12	-821.93273E-3
-108.12184E+3	250.00000E+3	5.0201258E-12	291.39751E-3
-107.14337E+3	250.00000E+3	5.3420198E-12	-2.5639024E+0
-106.16489E+3	250.00000E+3	5.2943106E-12	-9.2220020E+0
-105.18641E+3	250.00000E+3	5.0923445E-12	-3.9404237E+0
-104.20794E+3	250.00000E+3	5.3588163E-12	-16.707973E+0
-103.22946E+3	250.00000E+3	5.2863074E-12	-11.349596E+0
-102.25098E+3	250.00000E+3	5.3773561E-12	-11.948476E+0
-101.27251E+3	250.00000E+3	5.2991639E-12	2.1052141E+0
-100.29403E+3	250.00000E+3	5.2129178E-12	-2.1275451E+0
-99.315555E+3	250.00000E+3	5.3962876E-12	11.593062E+0
-98.337078E+3	250.00000E+3	5.3603471E-12	-7.4684739E+0
-97.358602E+3	250.00000E+3	5.2405732E-12	-15.327624E+0
-96.380125E+3	250.00000E+3	5.1763216E-12	-2.0808172E+0
-95.401648E+3	250.00000E+3	5.3420857E-12	-20.703310E+0
-94.423172E+3	250.00000E+3	5.2583476E-12	-9.7873631E+0
-93.444695E+3	250.00000E+3	5.0961071E-12	3.1668894E+0
-92.466219E+3	250.00000E+3	5.2666517E-12	-5.3963490E+0
-91.487742E+3	250.00000E+3	5.1225174E-12	6.7430291E+0
-90.509266E+3	250.00000E+3	5.1411566E-12	5.1813607E+0
-89.530789E+3	250.00000E+3	5.3506492E-12	-14.642259E+0
-88.552312E+3	250.00000E+3	4.8614997E-12	-3.8605683E+0
-87.573836E+3	250.00000E+3	5.4296168E-12	-16.019798E+0
-86.595359E+3	250.00000E+3	5.4026133E-12	-7.8129678E+0
-85.616883E+3	250.00000E+3	5.2367151E-12	-14.085407E+0
-84.638406E+3	250.00000E+3	5.2752950E-12	-6.3052349E+0
-83.659930E+3	250.00000E+3	5.3554865E-12	-17.584328E+0
-82.681453E+3	250.00000E+3	5.4250567E-12	-15.057506E+0
-81.702977E+3	250.00000E+3	5.5195961E-12	-15.880899E+0
-80.724500E+3	250.00000E+3	5.4199666E-12	2.1676335E+0
-79.746023E+3	250.00000E+3	5.3206120E-12	-8.0451956E+0
-78.767547E+3	250.00000E+3	5.6377919E-12	2.0964589E+0
-77.789070E+3	250.00000E+3	5.3987049E-12	-1.0310028E+0
-76.810594E+3	250.00000E+3	5.3248937E-12	-13.185261E+0
-75.832117E+3	250.00000E+3	5.1138360E-12	-8.3849640E+0
-74.853641E+3	250.00000E+3	5.5154969E-12	-9.8100996E+0
-73.875164E+3	250.00000E+3	5.1121963E-12	1.7283022E+0
-72.896687E+3	250.00000E+3	5.1757678E-12	-3.1871426E+0
-71.918211E+3	250.00000E+3	5.0165497E-12	-14.859111E+0
-70.939734E+3	250.00000E+3	5.2834078E-12	-1.1224892E+0
-69.961258E+3	250.00000E+3	5.0923918E-12	-5.2906737E+0
-68.982781E+3	250.00000E+3	5.5116181E-12	-12.478857E+0
-68.004305E+3	250.00000E+3	5.4102590E-12	-14.347341E+0
-67.025828E+3	250.00000E+3	5.1332671E-12	-14.080196E+0
-66.047352E+3	250.00000E+3	5.2767573E-12	-8.0497398E+0
-65.068879E+3	250.00000E+3	5.6132252E-12	-25.614635E+0
-64.090406E+3	250.00000E+3	5.3250434E-12	9.9176483E+0
-63.111934E+3	250.00000E+3	5.3272569E-12	-2.4191520E+0
-62.133461E+3	250.00000E+3	5.6234848E-12	11.016303E+0
-61.154988E+3	250.00000E+3	5.4217056E-12	19.243010E+0
-60.176516E+3	250.00000E+3	5.2629420E-12	11.591281E+0
-59.198043E+3	250.00000E+3	5.2195540E-12	15.435579E+0
-58.219570E+3	250.00000E+3	5.3076116E-12	-6.0453267E+0
-57.241098E+3	250.00000E+3	5.0743741E-12	-10.674650E+0
-56.262625E+3	250.00000E+3	5.0882553E-12	-9.9692459E+0
-55.284152E+3	250.00000E+3	5.2647608E-12	1.3576877E+0
-54.305680E+3	250.00000E+3	5.1966756E-12	-690.66447E-3
-53.327207E+3	250.00000E+3	5.3089226E-12	-5.4553928E+0
-52.348734E+3	250.00000E+3	4.9811067E-12	-12.776761E+0
-51.370262E+3	250.00000E+3	5.1680036E-12	-13.689271E+0
-50.391789E+3	250.00000E+3	5.1427846E-12	-9.6799679E+0
-49.413316E+3	250.00000E+3	5.4426082E-12	-15.356279E+0
-48.434844E+3	250.00000E+3	5.1886421E-12	-10.444147E+0
-47.456371E+3	250.00000E+3	5.3890065E-12	-5.3756104E+0
-46.477898E+3	250.00000E+3	5.0461983E-12	-7.4903665E+0
-45.499426E+3	250.00000E+3	5.0199818E-12	-7.5682688E+0
-44.520953E+3	250.00000E+3	5.1921540E-12	-6.9003391E+0
-43.542480E+3	250.00000E+3	5.3474733E-12	-11.601325E+0
-42.564008E+3	250.00000E+3	5.3284074E-12	-4.1902447E+0
-41.585535E+3	250.00000E+3	5.4247960E-12	-1.8351912E+0
-40.607062E+3	250.00000E+3	5.5070076E-12	-12.211816E+0
-39.628590E+3	250.00000E+3	5.3562853E-12	-8.9412117E+0
-38.650117E+3	250.00000E+3	5.5209279E-12	-15.030697E+0
-37.671645E+3	250.00000E+3	5.3409729E-12	-2.1286950E+0
-36.693172E+3	250.00000E+3	5.2257356E-12	5.8011169E+0
-35.714699E+3	250.00000E+3	5.3440425E-12	-3.3582251E+0
-34.736227E+3	250.00000E+3	5.5815409E-12	-3.5447104E+0
-33.757754E+3	250.00000E+3	5.3958400E-12	-9.7980795E+0
-32.779281E+3	250.00000E+3	5.2092042E-12	-10.450169E+0
-31.800809E+3	250.00000E+3	5.1283500E-12	-10.754797E+0
-30.822336E+3	250.00000E+3	5.3464282E-12	-21.425364E+0
-29.843863E+3	250.00000E+3	5.4824157E-12	-23.685257E+0
-28.865391E+3	250.00000E+3	5.1444617E-12	-17.151852E+0
-27.886918E+3	250.00000E+3	5.4201535E-12	-22.178770E+0
-26.908445E+3	250.00000E+3	5.2713693E-12	-9.4065828E+0
-25.929973E+3	250.00000E+3	5.3298347E-12	-21.160755E+0
-24.951500E+3	250.00000E+3	5.5623397E-12	-21.644722E+0
-23.973027E+3	250.00000E+3	5.6497506E-12	-32.427071E+0
-22.994555E+3	250.00000E+3	5.4353223E-12	-29.930183E+0
-22.016082E+3	250.00000E+3	5.6411481E-12	-5.0404615E+0
-21.037609E+3	250.00000E+3	5.6650327E-12	-16.105530E+0
-20.059137E+3	250.00000E+3	5.2287580E-12	-4.6434364E+0
-19.080664E+3	250.00000E+3	5.7516240E-12	-25.221617E+0
-18.102191E+3	250.00000E+3	5.3815333E-12	-17.781202E+0
-17.123719E+3	250.00000E+3	5.6317746E-12	-20.400240E+0
-16.145245E+3	250.00000E+3	5.8092090E-12	-4.5766683E+0
-15.166771E+3	250.00000E+3	5.3883222E-12	7.5374403E+0
-14.188298E+3	250.00000E+3	5.4734776E-12	5.6228280E+0
-13.209824E+3	250.00000E+3	5.4295665E-12	18.080400E+0
-12.231351E+3	250.00000E+3	5.2796070E-12	12.134885E+0
-11.252877E+3	250.00000E+3	5.4773503E-12	-6.3876934E+0
-10.274403E+3	250.00000E+3	5.3551183E-12	-13.379224E+0
-9.2959297E+3	250.00000E+3	5.5186767E-12	-3.9095798E+0
-8.3174561E+3	250.00000E+3	5.3769996E-12	-2.0754709E+0
-7.3389824E+3	250.00000E+3	5.2263424E-12	20.913515E+0
-6.3605088E+3	250.00000E+3	5.3348658E-12	9.2128048E+0
-5.3820352E+3	250.00000E+3	5.4470773E-12	9.4188910E+0
-4.4035615E+3	250.00000E+3	5.3186461E-12	24.065725E+0
-3.4250879E+3	250.00000E+3	5.0932852E-12	11.731419E+0
-2.4466143E+3	250.00000E+3	5.4771374E-12	-2.5056782E+0
-1.4681406E+3	250.00000E+3	5.4662290E-12	1.3999947E+0
-489.66705E+0	250.00000E+3	5.4129301E-12	4.1989942E+0
488.80652E+0	250.00000E+3	5.1320658E-12	-6.6312127E+0
1.4672800E+3	250.00000E+3	5.0499839E-12	10.385676E+0
2.4457537E+3	250.00000E+3	5.3059909E-12	1.2960222E+0
3.4242273E+3	250.00000E+3	5.2129676E-12	10.300323E+0
4.4027007E+3	250.00000E+3	5.3193383E-12	3.4330757E+0
5.3811743E+3	250.00000E+3	5.1685284E-12	14.124833E+0
6.3596479E+3	250.00000E+3	5.4631937E-12	2.7869351E+0
7.3381216E+3	250.00000E+3	4.9429926E-12	6.7841749E+0
8.3165947E+3	250.00000E+3	5.0052410E-12	4.6491547E+0
9.2950684E+3	250.00000E+3	5.0593692E-12	-11.212234E+0
10.273542E+3	250.00000E+3	5.2489155E-12	13.807757E+0
11.252016E+3	250.00000E+3	5.2017531E-12	12.597136E+0
12.230489E+3	250.00000E+3	5.2921335E-12	2.1643603E+0
13.208963E+3	250.00000E+3	5.3170758E-12	1.4886791E+0
14.187437E+3	250.00000E+3	4.9018866E-12	-11.896663E+0
15.165910E+3	250.00000E+3	5.2641741E-12	-9.0014343E+0
16.144384E+3	250.00000E+3	5.3210010E-12	-2.5904021E+0
17.122857E+3	250.00000E+3	5.1854172E-12	10.558753E+0
18.101330E+3	250.00000E+3	5.3303603E-12	12.026669E+0
19.079803E+3	250.00000E+3	5.2848177E-12	9.8422794E+0
20.058275E+3	250.00000E+3	5.0528579E-12	-9.8367615E+0
21.036748E+3	250.00000E+3	5.1878987E-12	-13.700686E+0
22.015221E+3	250.00000E+3	5.1377539E-12	4.3244920E+0
22.993693E+3	250.00000E+3	5.3249215E-12	-14.106168E+0
23.972166E+3	250.00000E+3	5.3490333E-12	-3.3025975E+0
24.950639E+3	250.00000E+3	5.1352828E-12	-3.9682937E+0
25.929111E+3	250.00000E+3	5.2180361E-12	-2.0711615E+0
26.907584E+3	250.00000E+3	5.4068642E-12	36.556049E+0
27.886057E+3	250.00000E+3	5.4398656E-12	6.7002606E+0
28.864529E+3	250.00000E+3	5.7814027E-12	-5.5078869E+0
29.843002E+3	250.00000E+3	5.4121737E-12	-24.669022E+0
30.821475E+3	250.00000E+3	6.2399174E-12	-64.146431E+0
31.799947E+3	250.00000E+3	5.2250483E-12	-2.8921542E+0
32.778422E+3	250.00000E+3	6.4450671E-12	-61.563190E+0
33.756895E+3	250.00000E+3	6.1195198E-12	-56.633167E+0
34.735367E+3	250.00000E+3	9.5736986E-12	30.884850E+0
35.713840E+3	250.00000E+3	5.8750921E-12	8.9366703E+0
36.692312E+3	250.00000E+3	7.3195477E-12	6.4428577E+0
37.670785E+3	250.00000E+3	8.9453688E-12	-65.206413E+0
38.649258E+3	250.00000E+3	20.908383E-12	-146.67821E+0
39.627730E+3	250.00000E+3	7.7804299E-12	-2.3333972E+0
40.606203E+3	250.00000E+3	6.4725278E-12	-17.020521E+0
41.584676E+3	250.00000E+3	8.5075280E-12	56.143097E+0
42.563148E+3	250.00000E+3	6.2720432E-12	62.451656E+0
43.541621E+3	250.00000E+3	5.3682813E-12	10.819077E+0
44.520094E+3	250.00000E+3	5.1684542E-12	7.3487983E+0
45.498566E+3	250.00000E+3	5.0533601E-12	-24.321905E+0
46.477039E+3	250.00000E+3	5.1450172E-12	462.76799E-3
47.455512E+3	250.00000E+3	5.2779088E-12	430.32986E-3
48.433984E+3	250.00000E+3	5.2628501E-12	-6.7760577E+0
49.412457E+3	250.00000E+3	5.6762316E-12	22.101255E+0
50.390930E+3	250.00000E+3	5.5030676E-12	20.091745E+0
51.369402E+3	250.00000E+3	5.7956496E-12	42.674282E+0
52.347875E+3	250.00000E+3	5.4277069E-12	26.441387E+0
53.326348E+3	250.00000E+3	5.3918996E-12	12.298244E+0
54.304820E+3	250.00000E+3	5.2578276E-12	18.250410E+0
55.283293E+3	250.00000E+3	6.5178284E-12	-54.610538E+0
56.261766E+3	250.00000E+3	6.2579390E-12	-24.879688E+0
57.240238E+3	250.00000E+3	6.1712115E-12	42.739357E+0
58.218711E+3	250.00000E+3	5.6190894E-12	18.902174E+0
59.197184E+3	250.00000E+3	5.3864916E-12	-4.3359141E+0
60.175656E+3	250.00000E+3	5.6354864E-12	-16.055859E+0
61.154129E+3	250.00000E+3	6.0521328E-12	-50.868084E+0
62.132602E+3	250.00000E+3	5.5471339E-12	-24.498890E+0
63.111074E+3	250.00000E+3	5.1793743E-12	8.6280317E+0
64.089547E+3	250.00000E+3	5.4543141E-12	-14.193534E+0
65.068020E+3	250.00000E+3	6.1589518E-12	-49.477219E+0
66.046492E+3	250.00000E+3	7.5694702E-12	-84.809380E+0
67.024969E+3	250.00000E+3	6.3780864E-12	-46.399025E+0
68.003445E+3	250.00000E+3	5.8927802E-12	-44.164917E+0
68.981922E+3	250.00000E+3	5.8752439E-12	-25.685398E+0
69.960398E+3	250.00000E+3	5.8078728E-12	-31.794182E+0
70.938875E+3	250.00000E+3	5.3462451E-12	-9.5341415E+0
71.917352E+3	250.00000E+3	5.6633808E-12	-9.4626913E+0
72.895828E+3	250.00000E+3	5.5019414E-12	6.3004026E+0
73.874305E+3	250.00000E+3	5.4596501E-12	11.846141E+0
74.852781E+3	250.00000E+3	5.2089500E-12	13.626659E+0
75.831258E+3	250.00000E+3	5.0677457E-12	2.6215508E+0
76.809734E+3	250.00000E+3	4.9008402E-12	-14.343754E+0
77.788211E+3	250.00000E+3	5.1592615E-12	-25.430573E+0
78.766687E+3	250.00000E+3	5.5197925E-12	-4.9051919E+0
79.745164E+3	250.00000E+3	5.5766312E-12	-3.8700752E+0
80.723641E+3	250.00000E+3	5.2335831E-12	-236.54953E-3
81.702117E+3	250.00000E+3	5.5584734E-12	5.0803232E+0
82.680594E+3	250.00000E+3	5.5841755E-12	7.0642076E+0
83.659070E+3	250.00000E+3	5.3675571E-12	-10.456635E+0
84.637547E+3	250.00000E+3	5.0068127E-12	155.98354E-3
85.616023E+3	250.00000E+3	5.1738861E-12	6.0692635E+0
86.594500E+3	250.00000E+3	5.1110904E-12	-3.6229036E+0
87.572977E+3	250.00000E+3	5.3034170E-12	-1.4183043E+0
88.551453E+3	250.00000E+3	5.0413788E-12	-6.0640173E+0
89.529930E+3	250.00000E+3	4.9071159E-12	-14.262651E+0
90.508406E+3	250.00000E+3	5.1929403E-12	1.4429526E+0
91.486883E+3	250.00000E+3	5.2522526E-12	-11.243650E+0
92.465359E+3	250.00000E+3	5.4231181E-12	695.67740E-3
93.443836E+3	250.00000E+3	5.4368953E-12	-5.7283921E+0
94.422312E+3	250.00000E+3	5.5364814E-12	-10.580919E+0
95.400789E+3	250.00000E+3	5.4111559E-12	-3.5549419E+0
96.379266E+3	250.00000E+3	5.1633437E-12	4.9042659E+0
97.357742E+3	250.00000E+3	5.1555630E-12	-5.0113416E+0
98.336219E+3	250.00000E+3	5.1428423E-12	-7.8151960E+0
99.314695E+3	250.00000E+3	5.3050220E-12	-6.2780666E+0
100.29317E+3	250.00000E+3	5.3149499E-12	-5.5599718E+0
101.27165E+3	250.00000E+3	5.3469607E-12	-28.518389E+0
102.25012E+3	250.00000E+3	5.4012819E-12	-7.2671561E+0
103.22860E+3	250.00000E+3	5.3107007E-12	-5.8919544E+0
104.20708E+3	250.00000E+3	5.3410028E-12	-18.250616E+0
105.18555E+3	250.00000E+3	5.2763085E-12	-18.727221E+0
106.16403E+3	250.00000E+3	5.3134133E-12	-10.724886E+0
107.14251E+3	250.00000E+3	5.5306827E-12	-27.967861E+0
108.12098E+3	250.00000E+3	5.1937538E-12	-27.322180E+0
109.09946E+3	250.00000E+3	5.3315013E-12	-21.057024E+0
110.07794E+3	250.00000E+3	5.4687578E-12	-22.898903E+0
111.05641E+3	250.00000E+3	5.4575337E-12	-10.657333E+0
112.03489E+3	250.00000E+3	5.2588606E-12	-21.059826E+0
113.01337E+3	250.00000E+3	5.3201991E-12	-10.173895E+0
113.99184E+3	250.00000E+3	5.2751245E-12	-2.3546937E+0
114.97032E+3	250.00000E+3	5.2563435E-12	-21.714943E+0
115.94880E+3	250.00000E+3	5.2469019E-12	-15.640685E+0
116.92727E+3	250.00000E+3	5.2560989E-12	-6.7474127E+0
117.90575E+3	250.00000E+3	5.6038143E-12	-28.402468E+0
118.88423E+3	250.00000E+3	5.8782415E-12	-34.226208E+0
119.86270E+3	250.00000E+3	5.1965975E-12	-22.368250E+0
120.84118E+3	250.00000E+3	5.6416868E-12	-23.405025E+0
121.81966E+3	250.00000E+3	5.5579048E-12	-29.807945E+0
122.79813E+3	250.00000E+3	5.8735104E-12	-29.600977E+0
123.77661E+3	250.00000E+3	5.6677991E-12	-23.473169E+0
124.75509E+3	250.00000E+3	5.6102917E-12	-23.341045E+0
125.73356E+3	250.00000E+3	5.3926039E-12	-20.100967E+0
126.71204E+3	250.00000E+3	5.7205291E-12	-38.986412E+0
127.69052E+3	250.00000E+3	5.6822459E-12	-30.365913E+0
128.66899E+3	250.00000E+3	5.5744814E-12	-35.296349E+0
129.64747E+3	250.00000E+3	5.4443659E-12	-27.591825E+0
130.62595E+3	250.00000E+3	5.8350304E-12	-40.049141E+0
131.60442E+3	250.00000E+3	5.7858809E-12	-18.400763E+0
132.58289E+3	250.00000E+3	5.5844209E-12	-8.4288177E+0
133.56136E+3	250.00000E+3	6.2412250E-12	-4.6248541E+0
134.53983E+3	250.00000E+3	5.8126407E-12	-34.635750E+0
135.51830E+3	250.00000E+3	10.357101E-12	-17.116245E+0
136.49677E+3	250.00000E+3	6.7612465E-12	-46.592346E+0
137.47523E+3	250.00000E+3	10.493092E-12	-28.753778E+0
138.45370E+3	250.00000E+3	9.0251556E-12	-67.636147E+0
139.43217E+3	250.00000E+3	10.609891E-12	-85.689888E+0
140.41064E+3	250.00000E+3	18.454925E-12	-11.046892E+0
141.38911E+3	250.00000E+3	12.231191E-12	36.036045E+0
142.36758E+3	250.00000E+3	17.601406E-12	22.849464E+0
143.34605E+3	250.00000E+3	10.645083E-12	46.022957E+0
144.32452E+3	250.00000E+3	11.309472E-12	14.216182E+0
145.30298E+3	250.00000E+3	21.988151E-12	46.958191E+0
146.28145E+3	250.00000E+3	44.553517E-12	122.65907E+0
147.25992E+3	250.00000E+3	2.8740836E-9	78.519508E+0
148.23839E+3	250.00000E+3	1.2309388E-9	-2.7442024E+0
149.21686E+3	250.00000E+3	87.415894E-12	-22.181028E+0
150.19533E+3	250.00000E+3	15.697407E-12	-110.15211E+0
151.17380E+3	250.00000E+3	13.685554E-12	-35.080612E+0
152.15227E+3	250.00000E+3	12.697091E-12	23.106651E+0
153.13073E+3	250.00000E+3	9.9520704E-12	17.194595E+0
154.10920E+3	250.00000E+3	10.134090E-12	15.118883E+0
155.08767E+3	250.00000E+3	7.4243641E-12	-10.210191E+0
156.06614E+3	250.00000E+3	7.8563744E-12	-10.354259E+0
157.04461E+3	250.00000E+3	8.1992356E-12	10.048851E+0
158.02308E+3	250.00000E+3	7.7170371E-12	-9.0120440E+0
159.00155E+3	250.00000E+3	6.9669730E-12	-23.294844E+0
159.98002E+3	250.00000E+3	6.6999505E-12	-53.742130E+0
160.95848E+3	250.00000E+3	6.7463717E-12	-45.183857E+0
161.93695E+3	250.00000E+3	5.9392157E-12	-27.704067E+0
162.91542E+3	250.00000E+3	5.9395752E-12	-34.237286E+0
163.89389E+3	250.00000E+3	6.4663231E-12	1.1001655E+0
164.87236E+3	250.00000E+3	6.1776829E-12	60.725563E+0
165.85083E+3	250.00000E+3	5.4409463E-12	18.289476E+0
166.82930E+3	250.00000E+3	5.2735377E-12	-7.6850543E+0
167.80777E+3	250.00000E+3	5.2275705E-12	-978.02007E-3
168.78623E+3	250.00000E+3	5.4740440E-12	-14.137007E+0
169.76470E+3	250.00000E+3	5.5450007E-12	-26.519688E+0
170.74317E+3	250.00000E+3	5.5220858E-12	-21.220526E+0
171.72164E+3	250.00000E+3	5.3643127E-12	-7.7254324E+0
172.70011E+3	250.00000E+3	5.5628865E-12	-29.776579E+0
173.67858E+3	250.00000E+3	5.5913542E-12	-14.869413E+0
174.65705E+3	250.00000E+3	5.7114626E-12	2.2475986E+0
175.63552E+3	250.00000E+3	5.2949576E-12	-1.0493170E+0
176.61398E+3	250.00000E+3	5.9063414E-12	-13.169700E+0
177.59245E+3	250.00000E+3	5.4589605E-12	-10.523052E+0
178.57092E+3	250.00000E+3	5.4081353E-12	-22.421085E+0
179.54939E+3	250.00000E+3	5.4205728E-12	-10.924673E+0
180.52786E+3	250.00000E+3	5.0423402E-12	-15.414649E+0
181.50633E+3	250.00000E+3	5.2707105E-12	-1.8865849E+0
182.48480E+3	250.00000E+3	5.4283249E-12	-13.188851E+0
183.46327E+3	250.00000E+3	5.4853821E-12	-8.9952831E+0
184.44173E+3	250.00000E+3	5.2693570E-12	-9.1285152E+0
185.42020E+3	250.00000E+3	5.0601068E-12	-16.792807E+0
186.39867E+3	250.00000E+3	5.3312571E-12	-10.852484E+0
187.37714E+3	250.00000E+3	5.2693952E-12	-5.1407228E+0
188.35561E+3	250.00000E+3	5.2996925E-12	-11.307908E+0
189.33408E+3	250.00000E+3	5.3648756E-12	-13.268393E+0
190.31255E+3	250.00000E+3	5.2286439E-12	-14.669243E+0
191.29102E+3	250.00000E+3	5.3665085E-12	-19.824854E+0
192.26948E+3	250.00000E+3	5.0954024E-12	-14.337584E+0
193.24795E+3	250.00000E+3	5.3584658E-12	-12.351199E+0
194.22642E+3	250.00000E+3	5.4664207E-12	11.783525E+0
195.20489E+3	250.00000E+3	5.3085258E-12	-7.2503681E+0
196.18336E+3	250.00000E+3	5.2280424E-12	-4.6761489E+0
197.16183E+3	250.00000E+3	5.3628707E-12	-13.805505E+0
198.14030E+3	250.00000E+3	5.3192299E-12	-16.789713E+0
199.11877E+3	250.00000E+3	5.0733267E-12	-7.6444645E+0
200.09723E+3	250.00000E+3	5.3666720E-12	-25.140520E+0
201.07570E+3	250.00000E+3	5.6272222E-12	-30.293501E+0
202.05417E+3	250.00000E+3	5.6819250E-12	-30.174618E+0
203.03264E+3	250.00000E+3	5.3902273E-12	-26.543365E+0
204.01111E+3	250.00000E+3	5.6765009E-12	-16.679930E+0
204.98958E+3	250.00000E+3	5.3486243E-12	-24.904917E+0
205.96805E+3	250.00000E+3	5.3598454E-12	-25.904755E+0
206.94652E+3	250.00000E+3	5.2123267E-12	-7.5410590E+0
207.92498E+3	250.00000E+3	5.2186627E-12	-4.6391931E+0
208.90345E+3	250.00000E+3	5.5869584E-12	-6.1569247E+0
209.88192E+3	250.00000E+3	5.4391136E-12	-12.399013E+0
210.86039E+3	250.00000E+3	5.3324472E-12	-5.0023065E+0
211.83886E+3	250.00000E+3	5.4184495E-12	-7.6683655E+0
212.81733E+3	250.00000E+3	5.3948027E-12	-7.4911737E+0
213.79580E+3	250.00000E+3	5.1949465E-12	-3.3657031E+0
214.77427E+3	250.00000E+3	5.2983347E-12	-17.253122E+0
215.75273E+3	250.00000E+3	5.2491175E-12	-16.514755E+0
216.73120E+3	250.00000E+3	5.1549247E-12	-18.634089E+0
217.70967E+3	250.00000E+3	5.3584897E-12	-710.32292E-3
218.68814E+3	250.00000E+3	5.4165600E-12	-706.27844E-3
219.66661E+3	250.00000E+3	5.4138534E-12	-12.888523E+0
220.64508E+3	250.00000E+3	5.3294686E-12	-10.006300E+0
221.62355E+3	250.00000E+3	5.3948135E-12	-16.724998E+0
222.60202E+3	250.00000E+3	5.4331266E-12	-11.859560E+0
223.58048E+3	250.00000E+3	5.2962300E-12	-15.982984E+0
224.55895E+3	250.00000E+3	5.2546795E-12	-17.158123E+0
225.53742E+3	250.00000E+3	5.1428813E-12	-12.522995E+0
226.51589E+3	250.00000E+3	5.2672294E-12	-20.645136E+0
227.49436E+3	250.00000E+3	5.2061931E-12	-7.1588883E+0
228.47283E+3	250.00000E+3	5.3188135E-12	-18.010271E+0
229.45130E+3	250.00000E+3	5.1836300E-12	-15.810949E+0
230.42977E+3	250.00000E+3	5.4547694E-12	-6.8416409E+0
231.40823E+3	250.00000E+3	5.3463544E-12	-7.8593974E+0
232.38670E+3	250.00000E+3	5.2956953E-12	-20.201782E+0
233.36517E+3	250.00000E+3	5.4778764E-12	-21.737179E+0
234.34364E+3	250.00000E+3	5.4313355E-12	-4.3227334E+0
235.32211E+3	250.00000E+3	5.4357278E-12	-13.905874E+0
236.30058E+3	250.00000E+3	5.2891433E-12	-12.755694E+0
237.27905E+3	250.00000E+3	5.5344518E-12	-16.899967E+0
238.25752E+3	250.00000E+3	5.3973770E-12	-7.1131654E+0
239.23598E+3	250.00000E+3	5.2834629E-12	-6.2339206E+0
240.21445E+3	250.00000E+3	5.2387838E-12	-11.975220E+0
241.19292E+3	250.00000E+3	5.3008678E-12	-12.231224E+0
242.17139E+3	250.00000E+3	5.5372660E-12	-15.554472E+0
243.14986E+3	250.00000E+3	5.4107834E-12	-16.528986E+0
244.12833E+3	250.00000E+3	5.1377713E-12	1.3037874E+0
245.10680E+3	250.00000E+3	5.4753190E-12	-4.5591288E+0
246.08527E+3	250.00000E+3	5.5786998E-12	-13.442421E+0
247.06373E+3	250.00000E+3	5.5040044E-12	-10.934030E+0
248.04220E+3	250.00000E+3	5.3532768E-12	-9.4653044E+0
249.02067E+3	250.00000E+3	5.3551109E-12	8.6071281E+0
249.99914E+3	250.00000E+3	5.1435627E-12	1.9356054E+0
