Experiment	Experiment	
Saved Date	10.09.2019 09:52:18	
User		
f_res (Hz)	407264.380	
Q	3257	
Phase (deg)	-289.80	
Amp/Exc (nm/mV)	1.750	
Number of points	256	
Fit length	 	

[DATA]
OC M1 Freq. Shift (Hz)	OC M1 Center Freq. (Hz)	OC D1 Amplitude (m)	OC D1 Phase (deg)
-4.8800000E+3	407.23291E+3	1.3510586E-9	102.18603E+0
-4.8417256E+3	407.23291E+3	1.3343164E-9	101.32758E+0
-4.8034512E+3	407.23291E+3	1.3150911E-9	100.64592E+0
-4.7651768E+3	407.23291E+3	1.2976357E-9	100.15624E+0
-4.7269023E+3	407.23291E+3	1.2792456E-9	99.735451E+0
-4.6886279E+3	407.23291E+3	1.2609820E-9	99.711365E+0
-4.6503535E+3	407.23291E+3	1.2508007E-9	99.922256E+0
-4.6120791E+3	407.23291E+3	1.2451524E-9	100.08334E+0
-4.5738047E+3	407.23291E+3	1.2423251E-9	100.45099E+0
-4.5355303E+3	407.23291E+3	1.2485188E-9	100.78296E+0
-4.4972559E+3	407.23291E+3	1.2613370E-9	101.08340E+0
-4.4589814E+3	407.23291E+3	1.2866933E-9	100.90880E+0
-4.4207070E+3	407.23291E+3	1.3063942E-9	99.822426E+0
-4.3824326E+3	407.23291E+3	1.3091735E-9	98.427719E+0
-4.3441582E+3	407.23291E+3	1.2894474E-9	97.607574E+0
-4.3058838E+3	407.23291E+3	1.2747576E-9	97.628937E+0
-4.2676094E+3	407.23291E+3	1.2679263E-9	98.013504E+0
-4.2293350E+3	407.23291E+3	1.2714443E-9	98.518524E+0
-4.1910605E+3	407.23291E+3	1.2792998E-9	98.893433E+0
-4.1527861E+3	407.23291E+3	1.2901408E-9	99.424706E+0
-4.1145117E+3	407.23291E+3	1.3120525E-9	100.02508E+0
-4.0762373E+3	407.23291E+3	1.3453071E-9	100.34422E+0
-4.0379629E+3	407.23291E+3	1.3853898E-9	100.13396E+0
-3.9996885E+3	407.23291E+3	1.4235396E-9	99.409607E+0
-3.9614141E+3	407.23291E+3	1.4579519E-9	98.472343E+0
-3.9231396E+3	407.23291E+3	1.4887184E-9	97.244064E+0
-3.8848652E+3	407.23291E+3	1.5076663E-9	95.796043E+0
-3.8465908E+3	407.23291E+3	1.5152278E-9	94.621338E+0
-3.8083164E+3	407.23291E+3	1.5208080E-9	93.854439E+0
-3.7700420E+3	407.23291E+3	1.5326468E-9	93.302231E+0
-3.7317676E+3	407.23291E+3	1.5569901E-9	93.010323E+0
-3.6934932E+3	407.23291E+3	1.5938236E-9	91.923149E+0
-3.6552187E+3	407.23291E+3	1.6229491E-9	90.331650E+0
-3.6169443E+3	407.23291E+3	1.6349329E-9	88.342102E+0
-3.5786699E+3	407.23291E+3	1.6228227E-9	86.648743E+0
-3.5403955E+3	407.23291E+3	1.6079260E-9	85.788452E+0
-3.5021211E+3	407.23291E+3	1.6046043E-9	85.186440E+0
-3.4638467E+3	407.23291E+3	1.6087752E-9	84.493828E+0
-3.4255723E+3	407.23291E+3	1.6156461E-9	83.558243E+0
-3.3872979E+3	407.23291E+3	1.6131677E-9	82.342117E+0
-3.3490234E+3	407.23291E+3	1.5976338E-9	81.333946E+0
-3.3107490E+3	407.23291E+3	1.5729467E-9	80.770660E+0
-3.2724746E+3	407.23291E+3	1.5480929E-9	80.695000E+0
-3.2342002E+3	407.23291E+3	1.5321258E-9	81.747795E+0
-3.1959258E+3	407.23291E+3	1.5576833E-9	82.976135E+0
-3.1576514E+3	407.23291E+3	1.6087172E-9	83.078072E+0
-3.1193770E+3	407.23291E+3	1.6565083E-9	81.995560E+0
-3.0811025E+3	407.23291E+3	1.6781193E-9	80.131180E+0
-3.0428281E+3	407.23291E+3	1.6631621E-9	78.789398E+0
-3.0045537E+3	407.23291E+3	1.6534750E-9	78.362328E+0
-2.9662793E+3	407.23291E+3	1.6578038E-9	77.994957E+0
-2.9280049E+3	407.23291E+3	1.6611779E-9	77.292274E+0
-2.8897305E+3	407.23291E+3	1.6535060E-9	76.641266E+0
-2.8514561E+3	407.23291E+3	1.6383389E-9	76.439812E+0
-2.8131816E+3	407.23291E+3	1.6306052E-9	76.912872E+0
-2.7749072E+3	407.23291E+3	1.6459984E-9	77.554199E+0
-2.7366328E+3	407.23291E+3	1.6810057E-9	77.771049E+0
-2.6983584E+3	407.23291E+3	1.7192261E-9	77.077240E+0
-2.6600840E+3	407.23291E+3	1.7451337E-9	75.883591E+0
-2.6218096E+3	407.23291E+3	1.7566399E-9	74.086632E+0
-2.5835352E+3	407.23291E+3	1.7238966E-9	72.364838E+0
-2.5452607E+3	407.23291E+3	1.6702035E-9	71.645859E+0
-2.5069863E+3	407.23291E+3	1.6047382E-9	71.987282E+0
-2.4687119E+3	407.23291E+3	1.5442667E-9	74.028214E+0
-2.4304375E+3	407.23291E+3	1.5225478E-9	77.698013E+0
-2.3921631E+3	407.23291E+3	1.5676650E-9	81.783920E+0
-2.3538887E+3	407.23291E+3	1.6717900E-9	84.393578E+0
-2.3156143E+3	407.23291E+3	1.7983653E-9	84.854401E+0
-2.2773398E+3	407.23291E+3	1.9016402E-9	83.775871E+0
-2.2390654E+3	407.23291E+3	1.9675757E-9	82.434166E+0
-2.2007910E+3	407.23291E+3	2.0192703E-9	81.509750E+0
-2.1625166E+3	407.23291E+3	2.0699831E-9	80.627792E+0
-2.1242422E+3	407.23291E+3	2.1112720E-9	79.752167E+0
-2.0859678E+3	407.23291E+3	2.1491082E-9	79.107033E+0
-2.0476932E+3	407.23291E+3	2.1901612E-9	78.543297E+0
-2.0094187E+3	407.23291E+3	2.2298929E-9	78.059715E+0
-1.9711442E+3	407.23291E+3	2.2787721E-9	77.649353E+0
-1.9328696E+3	407.23291E+3	2.3266458E-9	76.768539E+0
-1.8945951E+3	407.23291E+3	2.3464355E-9	76.190216E+0
-1.8563206E+3	407.23291E+3	2.3831881E-9	76.394859E+0
-1.8180460E+3	407.23291E+3	2.4480942E-9	76.348778E+0
-1.7797715E+3	407.23291E+3	2.5184277E-9	75.856949E+0
-1.7414969E+3	407.23291E+3	2.5779554E-9	75.126709E+0
-1.7032224E+3	407.23291E+3	2.6329763E-9	74.631935E+0
-1.6649479E+3	407.23291E+3	2.6968958E-9	73.864929E+0
-1.6266733E+3	407.23291E+3	2.7367251E-9	73.073166E+0
-1.5883988E+3	407.23291E+3	2.7706644E-9	72.902977E+0
-1.5501243E+3	407.23291E+3	2.8327354E-9	73.021896E+0
-1.5118497E+3	407.23291E+3	2.9100531E-9	72.919533E+0
-1.4735752E+3	407.23291E+3	2.9950387E-9	72.709198E+0
-1.4353007E+3	407.23291E+3	3.0872127E-9	72.453217E+0
-1.3970261E+3	407.23291E+3	3.1950140E-9	72.037560E+0
-1.3587516E+3	407.23291E+3	3.3078400E-9	71.239563E+0
-1.3204771E+3	407.23291E+3	3.4050600E-9	70.237045E+0
-1.2822025E+3	407.23291E+3	3.4906338E-9	69.390289E+0
-1.2439280E+3	407.23291E+3	3.5765684E-9	68.731155E+0
-1.2056534E+3	407.23291E+3	3.6736092E-9	68.275002E+0
-1.1673789E+3	407.23291E+3	3.7899244E-9	67.726425E+0
-1.1291044E+3	407.23291E+3	3.9078256E-9	67.017647E+0
-1.0908298E+3	407.23291E+3	4.0232462E-9	66.264137E+0
-1.0525553E+3	407.23291E+3	4.1324566E-9	65.695290E+0
-1.0142808E+3	407.23291E+3	4.2671093E-9	65.382027E+0
-976.00623E+0	407.23291E+3	4.4251136E-9	64.798973E+0
-937.73169E+0	407.23291E+3	4.5749351E-9	64.107605E+0
-899.45715E+0	407.23291E+3	4.7239066E-9	63.736763E+0
-861.18262E+0	407.23291E+3	4.9129945E-9	63.727337E+0
-822.90808E+0	407.23291E+3	5.1764038E-9	63.570202E+0
-784.63354E+0	407.23291E+3	5.4818230E-9	62.765575E+0
-746.35901E+0	407.23291E+3	5.7991363E-9	61.515160E+0
-708.08447E+0	407.23291E+3	6.1022392E-9	59.931049E+0
-669.80994E+0	407.23291E+3	6.3869474E-9	58.425304E+0
-631.53540E+0	407.23291E+3	6.6923773E-9	57.258602E+0
-593.26086E+0	407.23291E+3	7.0725346E-9	56.092876E+0
-554.98633E+0	407.23291E+3	7.4977224E-9	54.608101E+0
-516.71179E+0	407.23291E+3	7.9763804E-9	52.952869E+0
-478.43729E+0	407.23291E+3	8.5118952E-9	50.788074E+0
-440.16278E+0	407.23291E+3	9.0314201E-9	48.286549E+0
-401.88828E+0	407.23291E+3	9.5671835E-9	45.829899E+0
-363.61377E+0	407.23291E+3	10.130595E-9	43.324333E+0
-325.33926E+0	407.23291E+3	10.743633E-9	40.970493E+0
-287.06476E+0	407.23291E+3	11.464886E-9	38.574078E+0
-248.79025E+0	407.23291E+3	12.292484E-9	36.079624E+0
-210.51575E+0	407.23291E+3	13.286612E-9	33.558708E+0
-172.24124E+0	407.23291E+3	14.549638E-9	30.897284E+0
-133.96674E+0	407.23291E+3	16.216569E-9	27.842615E+0
-95.692230E+0	407.23291E+3	18.607887E-9	24.075798E+0
-57.417721E+0	407.23291E+3	22.204231E-9	18.050171E+0
-19.143211E+0	407.23291E+3	27.327362E-9	7.5096817E+0
19.131298E+0	407.23291E+3	33.275320E-9	-10.563418E+0
57.405807E+0	407.23291E+3	34.995789E-9	-38.018356E+0
95.680313E+0	407.23291E+3	27.754455E-9	-62.689911E+0
133.95482E+0	407.23291E+3	20.222627E-9	-75.385757E+0
172.22932E+0	407.23291E+3	15.084563E-9	-80.834290E+0
210.50383E+0	407.23291E+3	11.727314E-9	-81.022690E+0
248.77834E+0	407.23291E+3	9.7891419E-9	-77.813751E+0
287.05286E+0	407.23291E+3	8.8180911E-9	-74.072777E+0
325.32736E+0	407.23291E+3	8.2672189E-9	-72.238548E+0
363.60187E+0	407.23291E+3	7.7536386E-9	-71.201630E+0
401.87637E+0	407.23291E+3	7.3298643E-9	-69.966270E+0
440.15088E+0	407.23291E+3	6.9948172E-9	-68.924309E+0
478.42538E+0	407.23291E+3	6.6971984E-9	-67.670319E+0
516.69989E+0	407.23291E+3	6.5201617E-9	-66.145149E+0
554.97443E+0	407.23291E+3	6.4186421E-9	-65.317368E+0
593.24896E+0	407.23291E+3	6.3160392E-9	-64.860283E+0
631.52350E+0	407.23291E+3	6.1968528E-9	-64.568604E+0
669.79803E+0	407.23291E+3	6.0457839E-9	-63.785118E+0
708.07257E+0	407.23291E+3	5.9606657E-9	-62.196564E+0
746.34711E+0	407.23291E+3	5.9674314E-9	-60.339203E+0
784.62164E+0	407.23291E+3	6.1012466E-9	-58.539776E+0
822.89618E+0	407.23291E+3	6.3602896E-9	-57.427727E+0
861.17072E+0	407.23291E+3	6.6936505E-9	-57.681023E+0
899.44525E+0	407.23291E+3	7.0076647E-9	-58.918686E+0
937.71979E+0	407.23291E+3	7.3030137E-9	-60.878742E+0
975.99432E+0	407.23291E+3	7.5247915E-9	-63.470196E+0
1.0142689E+3	407.23291E+3	7.6409759E-9	-66.054001E+0
1.0525433E+3	407.23291E+3	7.7215114E-9	-68.095673E+0
1.0908179E+3	407.23291E+3	7.8588132E-9	-69.956566E+0
1.1290924E+3	407.23291E+3	7.9993221E-9	-72.177788E+0
1.1673669E+3	407.23291E+3	8.1457481E-9	-74.469078E+0
1.2056415E+3	407.23291E+3	8.2766984E-9	-76.945351E+0
1.2439160E+3	407.23291E+3	8.4188914E-9	-79.434486E+0
1.2821906E+3	407.23291E+3	8.5749630E-9	-82.380127E+0
1.3204651E+3	407.23291E+3	8.6658165E-9	-85.615616E+0
1.3587396E+3	407.23291E+3	8.7209067E-9	-88.707664E+0
1.3970142E+3	407.23291E+3	8.7778123E-9	-91.895172E+0
1.4352887E+3	407.23291E+3	8.7929024E-9	-95.301346E+0
1.4735632E+3	407.23291E+3	8.7579695E-9	-98.570312E+0
1.5118378E+3	407.23291E+3	8.7218206E-9	-101.70979E+0
1.5501123E+3	407.23291E+3	8.6829948E-9	-104.90613E+0
1.5883868E+3	407.23291E+3	8.6231324E-9	-108.20438E+0
1.6266614E+3	407.23291E+3	8.5413099E-9	-111.51485E+0
1.6649359E+3	407.23291E+3	8.4198328E-9	-114.84782E+0
1.7032104E+3	407.23291E+3	8.2800193E-9	-117.92516E+0
1.7414850E+3	407.23291E+3	8.1464284E-9	-120.99215E+0
1.7797595E+3	407.23291E+3	8.0281470E-9	-124.06166E+0
1.8180341E+3	407.23291E+3	7.8521465E-9	-127.40376E+0
1.8563086E+3	407.23291E+3	7.6489499E-9	-130.27016E+0
1.8945831E+3	407.23291E+3	7.4628721E-9	-133.07219E+0
1.9328577E+3	407.23291E+3	7.2622726E-9	-135.69183E+0
1.9711322E+3	407.23291E+3	7.0882540E-9	-138.05896E+0
2.0094067E+3	407.23291E+3	6.9298318E-9	-140.53996E+0
2.0476813E+3	407.23291E+3	6.7596968E-9	-142.77002E+0
2.0859558E+3	407.23291E+3	6.6451888E-9	-144.85410E+0
2.1242302E+3	407.23291E+3	6.5614016E-9	-147.10080E+0
2.1625046E+3	407.23291E+3	6.5353922E-9	-149.66713E+0
2.2007791E+3	407.23291E+3	6.5111672E-9	-153.25693E+0
2.2390535E+3	407.23291E+3	6.3889463E-9	-157.59492E+0
2.2773279E+3	407.23291E+3	6.1149219E-9	-161.74245E+0
2.3156023E+3	407.23291E+3	5.8543845E-9	-164.53522E+0
2.3538767E+3	407.23291E+3	5.6470864E-9	-167.56110E+0
2.3921511E+3	407.23291E+3	5.4656777E-9	-170.59389E+0
2.4304255E+3	407.23291E+3	5.2544622E-9	-174.23151E+0
2.4687000E+3	407.23291E+3	4.9904307E-9	-178.01134E+0
2.5069744E+3	407.23291E+3	4.6620192E-9	178.61163E+0
2.5452488E+3	407.23291E+3	4.3251593E-9	176.27058E+0
2.5835232E+3	407.23291E+3	4.0422368E-9	174.77058E+0
2.6217976E+3	407.23291E+3	3.8059840E-9	173.45589E+0
2.6600720E+3	407.23291E+3	3.6034062E-9	172.34167E+0
2.6983464E+3	407.23291E+3	3.4310665E-9	171.05017E+0
2.7366208E+3	407.23291E+3	3.2716609E-9	169.63002E+0
2.7748953E+3	407.23291E+3	3.1150651E-9	167.72786E+0
2.8131697E+3	407.23291E+3	2.9285887E-9	165.75658E+0
2.8514441E+3	407.23291E+3	2.7253806E-9	164.35983E+0
2.8897185E+3	407.23291E+3	2.5334710E-9	163.68507E+0
2.9279929E+3	407.23291E+3	2.3588522E-9	163.70590E+0
2.9662673E+3	407.23291E+3	2.2266895E-9	164.60201E+0
3.0045417E+3	407.23291E+3	2.1523510E-9	165.05688E+0
3.0428162E+3	407.23291E+3	2.0843161E-9	164.19864E+0
3.0810906E+3	407.23291E+3	1.9796131E-9	162.57175E+0
3.1193650E+3	407.23291E+3	1.8384437E-9	161.67236E+0
3.1576394E+3	407.23291E+3	1.7050215E-9	161.89468E+0
3.1959138E+3	407.23291E+3	1.5856050E-9	162.85728E+0
3.2341882E+3	407.23291E+3	1.4901782E-9	164.45897E+0
3.2724626E+3	407.23291E+3	7.4966628E-9	-49.560268E+0
3.3107371E+3	407.23291E+3	8.3211500E-9	-77.859993E+0
3.3490115E+3	407.23291E+3	8.3223908E-9	-77.859116E+0
3.3872859E+3	407.23291E+3	8.3225729E-9	-77.855324E+0
3.4255603E+3	407.23291E+3	8.3222984E-9	-77.857140E+0
3.4638347E+3	407.23291E+3	8.3222513E-9	-77.859711E+0
3.5021091E+3	407.23291E+3	8.3217131E-9	-77.859657E+0
3.5403835E+3	407.23291E+3	8.3219378E-9	-77.858887E+0
3.5786580E+3	407.23291E+3	8.3222158E-9	-77.856346E+0
3.6169324E+3	407.23291E+3	8.3213196E-9	-77.856186E+0
3.6552068E+3	407.23291E+3	8.3219334E-9	-77.858391E+0
3.6934812E+3	407.23291E+3	8.3210780E-9	-77.855621E+0
3.7317556E+3	407.23291E+3	8.3224077E-9	-77.853455E+0
3.7700300E+3	407.23291E+3	8.3233740E-9	-77.852753E+0
3.8083044E+3	407.23291E+3	8.3217984E-9	-77.853477E+0
3.8465789E+3	407.23291E+3	8.3234637E-9	-77.853539E+0
3.8848533E+3	407.23291E+3	8.3217344E-9	-77.852249E+0
3.9231277E+3	407.23291E+3	8.3216198E-9	-77.852486E+0
3.9614021E+3	407.23291E+3	8.3230658E-9	-77.849899E+0
3.9996765E+3	407.23291E+3	8.3231004E-9	-77.851166E+0
4.0379509E+3	407.23291E+3	8.3247871E-9	-77.850906E+0
4.0762253E+3	407.23291E+3	8.3219298E-9	-77.844513E+0
4.1145000E+3	407.23291E+3	8.3233784E-9	-77.844810E+0
4.1527744E+3	407.23291E+3	8.3225720E-9	-77.841492E+0
4.1910488E+3	407.23291E+3	8.3211011E-9	-77.845665E+0
4.2293232E+3	407.23291E+3	8.3204261E-9	-77.843399E+0
4.2675977E+3	407.23291E+3	8.3201881E-9	-77.843185E+0
4.3058721E+3	407.23291E+3	8.3192067E-9	-77.841484E+0
4.3441465E+3	407.23291E+3	8.3197129E-9	-77.841019E+0
4.3824209E+3	407.23291E+3	8.3201721E-9	-77.838875E+0
4.4206953E+3	407.23291E+3	8.3193603E-9	-77.835915E+0
4.4589697E+3	407.23291E+3	8.3200629E-9	-77.835091E+0
4.4972441E+3	407.23291E+3	8.3196126E-9	-77.836899E+0
4.5355186E+3	407.23291E+3	8.3193923E-9	-77.835945E+0
4.5737930E+3	407.23291E+3	8.3204261E-9	-77.836311E+0
4.6120674E+3	407.23291E+3	8.3192466E-9	-77.832283E+0
4.6503418E+3	407.23291E+3	8.3202201E-9	-77.833488E+0
4.6886162E+3	407.23291E+3	8.3202139E-9	-77.830498E+0
4.7268906E+3	407.23291E+3	8.3198817E-9	-77.832573E+0
4.7651650E+3	407.23291E+3	8.3188842E-9	-77.828911E+0
4.8034395E+3	407.23291E+3	8.3192120E-9	-77.831726E+0
4.8417139E+3	407.23291E+3	8.3196623E-9	-77.829651E+0
4.8799883E+3	407.23291E+3	8.3192369E-9	-77.824791E+0
