Experiment	Experiment	
Saved Date	24.09.2019 13:44:38	
User		
f_res (Hz)	383205.765	
Q	14988	
Phase (deg)	-217.79	
Amp/Exc (nm/mV)	7.447	
Number of points	256	
Fit length	 	
Comment01	2nd resonance - dumped and standing free	

[DATA]
OC M1 Freq. Shift (Hz)	OC M1 Center Freq. (Hz)	OC D1 Amplitude (m)	OC D1 Phase (deg)
-153.00000E+0	383.20666E+3	3.5079961E-9	87.424339E+0
-151.80000E+0	383.20666E+3	3.5290251E-9	87.390167E+0
-150.60001E+0	383.20666E+3	3.5523746E-9	87.357124E+0
-149.40001E+0	383.20666E+3	3.5824468E-9	87.325890E+0
-148.20001E+0	383.20666E+3	3.6132444E-9	87.329178E+0
-147.00002E+0	383.20666E+3	3.6424035E-9	87.318092E+0
-145.80002E+0	383.20666E+3	3.6777734E-9	87.331322E+0
-144.60002E+0	383.20666E+3	3.7059900E-9	87.284248E+0
-143.40002E+0	383.20666E+3	3.7392911E-9	87.249321E+0
-142.20003E+0	383.20666E+3	3.7695647E-9	87.236504E+0
-141.00003E+0	383.20666E+3	3.8024583E-9	87.223267E+0
-139.80003E+0	383.20666E+3	3.8342809E-9	87.195969E+0
-138.60004E+0	383.20666E+3	3.8691343E-9	87.145447E+0
-137.40004E+0	383.20666E+3	3.9041232E-9	87.110184E+0
-136.20004E+0	383.20666E+3	3.9401256E-9	87.102539E+0
-135.00005E+0	383.20666E+3	3.9749151E-9	87.080986E+0
-133.80005E+0	383.20666E+3	4.0143759E-9	87.054382E+0
-132.60005E+0	383.20666E+3	4.0493005E-9	87.083740E+0
-131.40005E+0	383.20666E+3	4.0906416E-9	87.013260E+0
-130.20006E+0	383.20666E+3	4.1257766E-9	86.996315E+0
-129.00006E+0	383.20666E+3	4.1656696E-9	86.957207E+0
-127.80006E+0	383.20666E+3	4.2085326E-9	86.896782E+0
-126.60007E+0	383.20666E+3	4.2477963E-9	86.854546E+0
-125.40007E+0	383.20666E+3	4.2897224E-9	86.831047E+0
-124.20007E+0	383.20666E+3	4.3326112E-9	86.825508E+0
-123.00008E+0	383.20666E+3	4.3772115E-9	86.735626E+0
-121.80008E+0	383.20666E+3	4.4250532E-9	86.701218E+0
-120.60008E+0	383.20666E+3	4.4662172E-9	86.663345E+0
-119.40009E+0	383.20666E+3	4.5152815E-9	86.583351E+0
-118.20009E+0	383.20666E+3	4.5617132E-9	86.564728E+0
-117.00009E+0	383.20666E+3	4.6066861E-9	86.479904E+0
-115.80009E+0	383.20666E+3	4.6599244E-9	86.496742E+0
-114.60010E+0	383.20666E+3	4.7092490E-9	86.354942E+0
-113.40010E+0	383.20666E+3	4.7606510E-9	86.329063E+0
-112.20010E+0	383.20666E+3	4.8177839E-9	86.294357E+0
-111.00011E+0	383.20666E+3	4.8676716E-9	86.214684E+0
-109.80011E+0	383.20666E+3	4.9250293E-9	86.114098E+0
-108.60011E+0	383.20666E+3	4.9787503E-9	86.061356E+0
-107.40012E+0	383.20666E+3	5.0331255E-9	86.002899E+0
-106.20012E+0	383.20666E+3	5.0970757E-9	85.949196E+0
-105.00012E+0	383.20666E+3	5.1540834E-9	85.836121E+0
-103.80013E+0	383.20666E+3	5.2153082E-9	85.788834E+0
-102.60013E+0	383.20666E+3	5.2813713E-9	85.718826E+0
-101.40013E+0	383.20666E+3	5.3451763E-9	85.585205E+0
-100.20013E+0	383.20666E+3	5.4072329E-9	85.562698E+0
-99.000137E+0	383.20666E+3	5.4744698E-9	85.463112E+0
-97.800140E+0	383.20666E+3	5.5453637E-9	85.420013E+0
-96.600143E+0	383.20666E+3	5.6161458E-9	85.273041E+0
-95.400146E+0	383.20666E+3	5.6910330E-9	85.254738E+0
-94.200150E+0	383.20666E+3	5.7627818E-9	85.121620E+0
-93.000153E+0	383.20666E+3	5.8329857E-9	85.015411E+0
-91.800156E+0	383.20666E+3	5.9118928E-9	84.908531E+0
-90.600159E+0	383.20666E+3	5.9963314E-9	84.776894E+0
-89.400162E+0	383.20666E+3	6.0830048E-9	84.699471E+0
-88.200165E+0	383.20666E+3	6.1626313E-9	84.660782E+0
-87.000168E+0	383.20666E+3	6.2530874E-9	84.447662E+0
-85.800171E+0	383.20666E+3	6.3401324E-9	84.423393E+0
-84.600174E+0	383.20666E+3	6.4318071E-9	84.246712E+0
-83.400177E+0	383.20666E+3	6.5308612E-9	84.165115E+0
-82.200180E+0	383.20666E+3	6.6185790E-9	84.009842E+0
-81.000183E+0	383.20666E+3	6.7251316E-9	83.884827E+0
-79.800186E+0	383.20666E+3	6.8220123E-9	83.699821E+0
-78.600189E+0	383.20666E+3	6.9408368E-9	83.637497E+0
-77.400192E+0	383.20666E+3	7.0455752E-9	83.434708E+0
-76.200195E+0	383.20666E+3	7.1587931E-9	83.247200E+0
-75.000198E+0	383.20666E+3	7.2821282E-9	83.133705E+0
-73.800201E+0	383.20666E+3	7.4037123E-9	83.012970E+0
-72.600204E+0	383.20666E+3	7.5190956E-9	82.829254E+0
-71.400208E+0	383.20666E+3	7.6471345E-9	82.645645E+0
-70.200211E+0	383.20666E+3	7.7798994E-9	82.495720E+0
-69.000214E+0	383.20666E+3	7.9132390E-9	82.282120E+0
-67.800217E+0	383.20666E+3	8.0521341E-9	82.105347E+0
-66.600220E+0	383.20666E+3	8.2093274E-9	81.910866E+0
-65.400223E+0	383.20666E+3	8.3710736E-9	81.735504E+0
-64.200226E+0	383.20666E+3	8.5126128E-9	81.460854E+0
-63.000225E+0	383.20666E+3	8.6704564E-9	81.290009E+0
-61.800224E+0	383.20666E+3	8.8481986E-9	81.029312E+0
-60.600224E+0	383.20666E+3	9.0201473E-9	80.761253E+0
-59.400223E+0	383.20666E+3	9.2008046E-9	80.556595E+0
-58.200222E+0	383.20666E+3	9.3977137E-9	80.275818E+0
-57.000221E+0	383.20666E+3	9.5814148E-9	80.012550E+0
-55.800220E+0	383.20666E+3	9.7968949E-9	79.679680E+0
-54.600220E+0	383.20666E+3	10.010314E-9	79.464767E+0
-53.400219E+0	383.20666E+3	10.227758E-9	79.129219E+0
-52.200218E+0	383.20666E+3	10.462931E-9	78.811455E+0
-51.000217E+0	383.20666E+3	10.708948E-9	78.513039E+0
-49.800217E+0	383.20666E+3	10.959111E-9	78.147881E+0
-48.600216E+0	383.20666E+3	11.223498E-9	77.779350E+0
-47.400215E+0	383.20666E+3	11.508234E-9	77.357307E+0
-46.200214E+0	383.20666E+3	11.798288E-9	76.990562E+0
-45.000214E+0	383.20666E+3	12.103001E-9	76.569054E+0
-43.800213E+0	383.20666E+3	12.425428E-9	76.099510E+0
-42.600212E+0	383.20666E+3	12.772454E-9	75.712921E+0
-41.400211E+0	383.20666E+3	13.109704E-9	75.113495E+0
-40.200211E+0	383.20666E+3	13.488835E-9	74.637642E+0
-39.000210E+0	383.20666E+3	13.871045E-9	74.104218E+0
-37.800209E+0	383.20666E+3	14.287934E-9	73.551231E+0
-36.600208E+0	383.20666E+3	14.720949E-9	72.877747E+0
-35.400208E+0	383.20666E+3	15.187837E-9	72.200874E+0
-34.200207E+0	383.20666E+3	15.694866E-9	71.521469E+0
-33.000206E+0	383.20666E+3	16.182808E-9	70.787613E+0
-31.800205E+0	383.20666E+3	16.749839E-9	69.952942E+0
-30.600204E+0	383.20666E+3	17.330049E-9	69.162521E+0
-29.400204E+0	383.20666E+3	17.959767E-9	68.402534E+0
-28.200203E+0	383.20666E+3	18.617285E-9	67.307373E+0
-27.000202E+0	383.20666E+3	19.335699E-9	66.295143E+0
-25.800201E+0	383.20666E+3	20.080842E-9	65.165154E+0
-24.600201E+0	383.20666E+3	20.893932E-9	64.018982E+0
-23.400200E+0	383.20666E+3	21.750775E-9	62.726463E+0
-22.200199E+0	383.20666E+3	22.715046E-9	61.350094E+0
-21.000198E+0	383.20666E+3	23.708012E-9	59.825417E+0
-19.800198E+0	383.20666E+3	24.765978E-9	58.131809E+0
-18.600197E+0	383.20666E+3	25.903500E-9	56.324715E+0
-17.400196E+0	383.20666E+3	27.119635E-9	54.318623E+0
-16.200195E+0	383.20666E+3	28.433812E-9	52.080513E+0
-15.000196E+0	383.20666E+3	29.811634E-9	49.813206E+0
-13.800196E+0	383.20666E+3	31.268858E-9	47.150902E+0
-12.600196E+0	383.20666E+3	32.795210E-9	44.285618E+0
-11.400196E+0	383.20666E+3	34.358155E-9	41.125980E+0
-10.200196E+0	383.20666E+3	35.976775E-9	37.633854E+0
-9.0001965E+0	383.20666E+3	37.614043E-9	33.874809E+0
-7.8001966E+0	383.20666E+3	39.190766E-9	29.790560E+0
-6.6001968E+0	383.20666E+3	40.660407E-9	25.412441E+0
-5.4001970E+0	383.20666E+3	42.015660E-9	20.653913E+0
-4.2001972E+0	383.20666E+3	43.182677E-9	15.669188E+0
-3.0001972E+0	383.20666E+3	43.980936E-9	10.483336E+0
-1.8001971E+0	383.20666E+3	44.557240E-9	5.0368667E+0
-600.19708E-3	383.20666E+3	44.683837E-9	-430.33865E-3
599.80297E-3	383.20666E+3	44.434387E-9	-5.8904953E+0
1.7998030E+0	383.20666E+3	43.794916E-9	-11.231747E+0
2.9998031E+0	383.20666E+3	42.852935E-9	-16.429308E+0
4.1998034E+0	383.20666E+3	41.601041E-9	-21.362986E+0
5.3998032E+0	383.20666E+3	40.165887E-9	-25.947811E+0
6.5998030E+0	383.20666E+3	38.619142E-9	-30.239832E+0
7.7998028E+0	383.20666E+3	37.010597E-9	-34.175365E+0
8.9998026E+0	383.20666E+3	35.326199E-9	-37.736404E+0
10.199802E+0	383.20666E+3	33.746481E-9	-40.985332E+0
11.399802E+0	383.20666E+3	32.358585E-9	-44.190613E+0
12.599802E+0	383.20666E+3	30.711504E-9	-46.719372E+0
13.799802E+0	383.20666E+3	29.325223E-9	-49.155640E+0
14.999802E+0	383.20666E+3	27.980528E-9	-51.450272E+0
16.199802E+0	383.20666E+3	26.761867E-9	-53.459625E+0
17.399803E+0	383.20666E+3	25.594696E-9	-55.356544E+0
18.599804E+0	383.20666E+3	24.494309E-9	-57.185936E+0
19.799805E+0	383.20666E+3	23.495391E-9	-58.740383E+0
20.999805E+0	383.20666E+3	22.522320E-9	-60.248878E+0
22.199806E+0	383.20666E+3	21.663777E-9	-61.619328E+0
23.399807E+0	383.20666E+3	20.818765E-9	-62.893902E+0
24.599808E+0	383.20666E+3	20.025279E-9	-64.102654E+0
25.799809E+0	383.20666E+3	19.269738E-9	-65.232788E+0
26.999809E+0	383.20666E+3	18.608532E-9	-66.272690E+0
28.199810E+0	383.20666E+3	17.976703E-9	-67.207893E+0
29.399811E+0	383.20666E+3	17.366686E-9	-68.136414E+0
30.599812E+0	383.20666E+3	16.788700E-9	-68.976036E+0
31.799812E+0	383.20666E+3	16.247604E-9	-69.757767E+0
32.999813E+0	383.20666E+3	15.744121E-9	-70.536934E+0
34.199814E+0	383.20666E+3	15.269574E-9	-71.244087E+0
35.399815E+0	383.20666E+3	14.811746E-9	-71.971260E+0
36.599815E+0	383.20666E+3	14.371822E-9	-72.519440E+0
37.799816E+0	383.20666E+3	13.978161E-9	-73.117897E+0
38.999817E+0	383.20666E+3	13.575971E-9	-73.734070E+0
40.199818E+0	383.20666E+3	13.211690E-9	-74.282280E+0
41.399818E+0	383.20666E+3	12.874652E-9	-74.820717E+0
42.599819E+0	383.20666E+3	12.539050E-9	-75.304359E+0
43.799820E+0	383.20666E+3	12.217895E-9	-75.762421E+0
44.999821E+0	383.20666E+3	11.910404E-9	-76.188042E+0
46.199821E+0	383.20666E+3	11.629092E-9	-76.642464E+0
47.399822E+0	383.20666E+3	11.349114E-9	-77.086304E+0
48.599823E+0	383.20666E+3	11.091672E-9	-77.527184E+0
49.799824E+0	383.20666E+3	10.833097E-9	-77.868637E+0
50.999825E+0	383.20666E+3	10.602291E-9	-78.210556E+0
52.199825E+0	383.20666E+3	10.369139E-9	-78.579849E+0
53.399826E+0	383.20666E+3	10.141071E-9	-78.898186E+0
54.599827E+0	383.20666E+3	9.9281889E-9	-79.264137E+0
55.799828E+0	383.20666E+3	9.7330553E-9	-79.593689E+0
56.999828E+0	383.20666E+3	9.5233270E-9	-79.884651E+0
58.199829E+0	383.20666E+3	9.3334203E-9	-80.219200E+0
59.399830E+0	383.20666E+3	9.1516501E-9	-80.447044E+0
60.599831E+0	383.20666E+3	8.9767278E-9	-80.721344E+0
61.799831E+0	383.20666E+3	8.7971381E-9	-81.008247E+0
62.999832E+0	383.20666E+3	8.6376657E-9	-81.240479E+0
64.199829E+0	383.20666E+3	8.4862304E-9	-81.520515E+0
65.399826E+0	383.20666E+3	8.3270599E-9	-81.770866E+0
66.599823E+0	383.20666E+3	8.1785405E-9	-82.005539E+0
67.799820E+0	383.20666E+3	8.0356655E-9	-82.207703E+0
68.999817E+0	383.20666E+3	7.8956361E-9	-82.414185E+0
70.199814E+0	383.20666E+3	7.7610558E-9	-82.694855E+0
71.399811E+0	383.20666E+3	7.6302973E-9	-82.871727E+0
72.599808E+0	383.20666E+3	7.5086550E-9	-83.114403E+0
73.799805E+0	383.20666E+3	7.3756037E-9	-83.230484E+0
74.999802E+0	383.20666E+3	7.2697470E-9	-83.461296E+0
76.199799E+0	383.20666E+3	7.1534902E-9	-83.691536E+0
77.399796E+0	383.20666E+3	7.0408070E-9	-83.823547E+0
78.599792E+0	383.20666E+3	6.9336199E-9	-84.000313E+0
79.799789E+0	383.20666E+3	6.8296622E-9	-84.192299E+0
80.999786E+0	383.20666E+3	6.7259029E-9	-84.361359E+0
82.199783E+0	383.20666E+3	6.6264252E-9	-84.549034E+0
83.399780E+0	383.20666E+3	6.5262937E-9	-84.713417E+0
84.599777E+0	383.20666E+3	6.4317613E-9	-84.838524E+0
85.799774E+0	383.20666E+3	6.3358785E-9	-85.008598E+0
86.999771E+0	383.20666E+3	6.2536860E-9	-85.154655E+0
88.199768E+0	383.20666E+3	6.1668493E-9	-85.334831E+0
89.399765E+0	383.20666E+3	6.0818910E-9	-85.432594E+0
90.599762E+0	383.20666E+3	6.0002630E-9	-85.570648E+0
91.799759E+0	383.20666E+3	5.9176255E-9	-85.722778E+0
92.999756E+0	383.20666E+3	5.8376166E-9	-85.907074E+0
94.199753E+0	383.20666E+3	5.7640794E-9	-86.061539E+0
95.399750E+0	383.20666E+3	5.6890537E-9	-86.147842E+0
96.599747E+0	383.20666E+3	5.6114509E-9	-86.281639E+0
97.799744E+0	383.20666E+3	5.5465899E-9	-86.431572E+0
98.999741E+0	383.20666E+3	5.4750990E-9	-86.533836E+0
100.19974E+0	383.20666E+3	5.4037588E-9	-86.623787E+0
101.39973E+0	383.20666E+3	5.3369673E-9	-86.731003E+0
102.59973E+0	383.20666E+3	5.2685869E-9	-86.863922E+0
103.79973E+0	383.20666E+3	5.2051234E-9	-87.032082E+0
104.99973E+0	383.20666E+3	5.1493179E-9	-87.032921E+0
106.19972E+0	383.20666E+3	5.0845075E-9	-87.224144E+0
107.39972E+0	383.20666E+3	5.0183568E-9	-87.272583E+0
108.59972E+0	383.20666E+3	4.9606226E-9	-87.409058E+0
109.79971E+0	383.20666E+3	4.9068531E-9	-87.540550E+0
110.99971E+0	383.20666E+3	4.8509690E-9	-87.565414E+0
112.19971E+0	383.20666E+3	4.7924376E-9	-87.702484E+0
113.39970E+0	383.20666E+3	4.7386637E-9	-87.852715E+0
114.59970E+0	383.20666E+3	4.6857376E-9	-87.853310E+0
115.79970E+0	383.20666E+3	4.6331676E-9	-88.021141E+0
116.99969E+0	383.20666E+3	4.5969055E-9	-88.048622E+0
118.19969E+0	383.20666E+3	4.5344892E-9	-88.168404E+0
119.39969E+0	383.20666E+3	4.4793418E-9	-88.241806E+0
120.59969E+0	383.20666E+3	4.4329180E-9	-88.309502E+0
121.79968E+0	383.20666E+3	4.3879469E-9	-88.346359E+0
122.99968E+0	383.20666E+3	4.3427062E-9	-88.458733E+0
124.19968E+0	383.20666E+3	4.2971453E-9	-88.507561E+0
125.39967E+0	383.20666E+3	4.2538510E-9	-88.579872E+0
126.59967E+0	383.20666E+3	4.2092427E-9	-88.647041E+0
127.79967E+0	383.20666E+3	4.1662545E-9	-88.688423E+0
128.99966E+0	383.20666E+3	4.1252428E-9	-88.772957E+0
130.19966E+0	383.20666E+3	4.0802628E-9	-88.842979E+0
131.39966E+0	383.20666E+3	4.0391490E-9	-88.846291E+0
132.59966E+0	383.20666E+3	4.0014054E-9	-88.951004E+0
133.79965E+0	383.20666E+3	3.9636179E-9	-89.000038E+0
134.99965E+0	383.20666E+3	3.9248302E-9	-89.046478E+0
136.19965E+0	383.20666E+3	3.8848418E-9	-89.131035E+0
137.39964E+0	383.20666E+3	3.8491885E-9	-89.103325E+0
138.59964E+0	383.20666E+3	3.8079930E-9	-89.205818E+0
139.79964E+0	383.20666E+3	3.7764347E-9	-89.267891E+0
140.99963E+0	383.20666E+3	3.7442716E-9	-89.316795E+0
142.19963E+0	383.20666E+3	3.7049590E-9	-89.350960E+0
143.39963E+0	383.20666E+3	3.6715546E-9	-89.328300E+0
144.59962E+0	383.20666E+3	3.6381609E-9	-89.359879E+0
145.79962E+0	383.20666E+3	3.6051597E-9	-89.437302E+0
146.99962E+0	383.20666E+3	3.5728311E-9	-89.443832E+0
148.19962E+0	383.20666E+3	3.5419951E-9	-89.509995E+0
149.39961E+0	383.20666E+3	3.5098155E-9	-89.523903E+0
150.59961E+0	383.20666E+3	3.4804655E-9	-89.503365E+0
151.79961E+0	383.20666E+3	3.4483114E-9	-89.529892E+0
152.99960E+0	383.20666E+3	3.4321248E-9	-89.555145E+0
