Experiment	Experiment	
Saved Date	19.09.2019 14:58:48	
User		
f_res (Hz)	320445.582	
Q	60.9	
Phase (deg)	-436.90	
Amp/Exc (nm/mV)	0.035702	
Number of points	256	
Fit length	 	
Comment01	500kHz freq. sweep - 1st and 2nd resonance	

[DATA]
OC M1 Freq. Shift (Hz)	OC M1 Center Freq. (Hz)	OC D1 Amplitude (m)	OC D1 Phase (deg)
-250.00000E+3	250.00000E+3	27.043496E-12	111.20097E+0
-248.03922E+3	250.00000E+3	26.115103E-12	345.28336E-3
-246.07844E+3	250.00000E+3	23.928484E-12	21.336446E-3
-244.11766E+3	250.00000E+3	22.058700E-12	2.1388404E+0
-242.15687E+3	250.00000E+3	17.416325E-12	3.7539890E+0
-240.19609E+3	250.00000E+3	15.070702E-12	5.8025923E+0
-238.23531E+3	250.00000E+3	12.675548E-12	5.2384305E+0
-236.27453E+3	250.00000E+3	10.029630E-12	7.6808171E+0
-234.31375E+3	250.00000E+3	8.4389726E-12	8.1898661E+0
-232.35297E+3	250.00000E+3	7.3845227E-12	7.3659673E+0
-230.39219E+3	250.00000E+3	7.2438383E-12	10.036090E+0
-228.43141E+3	250.00000E+3	7.1987052E-12	13.536283E+0
-226.47062E+3	250.00000E+3	7.5356622E-12	17.986282E+0
-224.50984E+3	250.00000E+3	7.4099425E-12	7.7690353E+0
-222.54906E+3	250.00000E+3	8.0698712E-12	10.286477E+0
-220.58828E+3	250.00000E+3	9.5473976E-12	6.7377362E+0
-218.62750E+3	250.00000E+3	11.453206E-12	3.7608650E+0
-216.66672E+3	250.00000E+3	13.809433E-12	3.3299842E+0
-214.70594E+3	250.00000E+3	16.246688E-12	1.5709918E+0
-212.74516E+3	250.00000E+3	19.631295E-12	1.7776122E+0
-210.78437E+3	250.00000E+3	22.446210E-12	3.5859704E+0
-208.82359E+3	250.00000E+3	24.497623E-12	145.07681E-3
-206.86281E+3	250.00000E+3	26.964510E-12	41.828018E-3
-204.90203E+3	250.00000E+3	28.985888E-12	1.5150979E+0
-202.94125E+3	250.00000E+3	26.915846E-12	8.1643305E+0
-200.98047E+3	250.00000E+3	28.711752E-12	11.337309E+0
-199.01969E+3	250.00000E+3	31.094516E-12	25.923204E+0
-197.05891E+3	250.00000E+3	81.091453E-12	-59.588097E+0
-195.09812E+3	250.00000E+3	50.641685E-12	-89.630341E+0
-193.13734E+3	250.00000E+3	67.591495E-12	62.951740E+0
-191.17656E+3	250.00000E+3	315.85537E-12	87.201912E+0
-189.21578E+3	250.00000E+3	76.361355E-12	6.9207811E+0
-187.25500E+3	250.00000E+3	76.343168E-12	3.9378819E+0
-185.29422E+3	250.00000E+3	61.645251E-12	-2.5836124E+0
-183.33344E+3	250.00000E+3	25.058431E-12	-1.7626587E+0
-181.37266E+3	250.00000E+3	24.098517E-12	427.08129E-3
-179.41187E+3	250.00000E+3	21.220021E-12	-4.5125260E+0
-177.45109E+3	250.00000E+3	12.421354E-12	6.0412064E+0
-175.49031E+3	250.00000E+3	9.8496983E-12	-11.154166E+0
-173.52953E+3	250.00000E+3	8.8245531E-12	6.7379436E+0
-171.56875E+3	250.00000E+3	7.8894452E-12	-5.8288093E+0
-169.60797E+3	250.00000E+3	8.6787851E-12	-24.679470E+0
-167.64719E+3	250.00000E+3	11.943497E-12	26.647617E+0
-165.68641E+3	250.00000E+3	11.978820E-12	28.528473E+0
-163.72562E+3	250.00000E+3	10.945297E-12	40.792645E+0
-161.76484E+3	250.00000E+3	11.759296E-12	16.050741E+0
-159.80406E+3	250.00000E+3	11.928236E-12	22.765017E+0
-157.84328E+3	250.00000E+3	9.7496412E-12	-19.989914E+0
-155.88250E+3	250.00000E+3	8.9850601E-12	11.347094E+0
-153.92172E+3	250.00000E+3	8.1371299E-12	4.6613674E+0
-151.96094E+3	250.00000E+3	7.7033943E-12	5.4956317E+0
-150.00016E+3	250.00000E+3	7.3700993E-12	215.21455E-3
-148.03937E+3	250.00000E+3	7.0289707E-12	2.1965940E+0
-146.07859E+3	250.00000E+3	6.9318076E-12	297.80325E-3
-144.11781E+3	250.00000E+3	7.0276805E-12	-1.2492405E+0
-142.15703E+3	250.00000E+3	7.0617934E-12	7.5902057E+0
-140.19625E+3	250.00000E+3	6.8842970E-12	3.5223925E+0
-138.23547E+3	250.00000E+3	7.2002955E-12	7.2849207E+0
-136.27469E+3	250.00000E+3	7.0184388E-12	16.666540E+0
-134.31391E+3	250.00000E+3	6.9183752E-12	6.7102389E+0
-132.35312E+3	250.00000E+3	6.8895046E-12	13.153329E+0
-130.39234E+3	250.00000E+3	6.8681679E-12	1.9500872E+0
-128.43156E+3	250.00000E+3	6.9202018E-12	5.5954828E+0
-126.47078E+3	250.00000E+3	7.0189904E-12	201.07818E-3
-124.51000E+3	250.00000E+3	7.3120078E-12	10.410232E+0
-122.54922E+3	250.00000E+3	7.1568949E-12	9.6115513E+0
-120.58844E+3	250.00000E+3	7.6694432E-12	28.230303E+0
-118.62766E+3	250.00000E+3	7.1912398E-12	8.1221657E+0
-116.66687E+3	250.00000E+3	7.1858743E-12	9.4547529E+0
-114.70609E+3	250.00000E+3	7.0525352E-12	1.7421457E+0
-112.74531E+3	250.00000E+3	7.1229806E-12	1.4011438E+0
-110.78453E+3	250.00000E+3	7.1814690E-12	20.926525E+0
-108.82375E+3	250.00000E+3	7.3783982E-12	17.618244E+0
-106.86297E+3	250.00000E+3	7.0174882E-12	10.694868E+0
-104.90219E+3	250.00000E+3	6.8405481E-12	8.9179735E+0
-102.94141E+3	250.00000E+3	7.1465034E-12	23.355978E+0
-100.98062E+3	250.00000E+3	7.0821443E-12	9.9103155E+0
-99.019844E+3	250.00000E+3	7.1522324E-12	23.255146E+0
-97.059062E+3	250.00000E+3	7.5355737E-12	42.454662E+0
-95.098281E+3	250.00000E+3	7.7181187E-12	45.959240E+0
-93.137500E+3	250.00000E+3	7.1016071E-12	18.452612E+0
-91.176719E+3	250.00000E+3	7.8093851E-12	20.189837E+0
-89.215937E+3	250.00000E+3	8.7227049E-12	71.986229E+0
-87.255156E+3	250.00000E+3	15.731423E-12	91.070000E+0
-85.294375E+3	250.00000E+3	19.680032E-12	-28.493505E+0
-83.333594E+3	250.00000E+3	38.911017E-12	-52.022835E+0
-81.372812E+3	250.00000E+3	21.601153E-12	-134.24957E+0
-79.412031E+3	250.00000E+3	7.7769466E-12	45.771904E+0
-77.451250E+3	250.00000E+3	7.5669497E-12	-47.240070E+0
-75.490469E+3	250.00000E+3	8.7337958E-12	33.335148E+0
-73.529687E+3	250.00000E+3	7.2763774E-12	-37.148476E+0
-71.568906E+3	250.00000E+3	13.603691E-12	-97.957298E+0
-69.608125E+3	250.00000E+3	7.8880348E-12	51.104046E+0
-67.647344E+3	250.00000E+3	6.7851636E-12	4.1698384E+0
-65.686562E+3	250.00000E+3	7.8148044E-12	-50.289867E+0
-63.725777E+3	250.00000E+3	21.630781E-12	49.741329E+0
-61.764992E+3	250.00000E+3	23.203293E-12	112.69057E+0
-59.804207E+3	250.00000E+3	7.8743175E-12	21.128845E+0
-57.843422E+3	250.00000E+3	12.972004E-12	87.898888E+0
-55.882637E+3	250.00000E+3	10.476750E-12	88.670967E+0
-53.921852E+3	250.00000E+3	16.283695E-12	25.775932E+0
-51.961066E+3	250.00000E+3	11.442012E-12	-7.2308440E+0
-50.000281E+3	250.00000E+3	8.8256312E-12	-35.748341E+0
-48.039496E+3	250.00000E+3	7.2432229E-12	-30.839956E+0
-46.078711E+3	250.00000E+3	7.5825856E-12	27.730139E+0
-44.117926E+3	250.00000E+3	7.1678206E-12	21.563581E+0
-42.157141E+3	250.00000E+3	10.949892E-12	-78.725159E+0
-40.196355E+3	250.00000E+3	8.6709693E-12	-47.641376E+0
-38.235570E+3	250.00000E+3	6.8863535E-12	-12.433780E+0
-36.274785E+3	250.00000E+3	7.3641501E-12	-17.224264E+0
-34.314000E+3	250.00000E+3	6.9608152E-12	-5.7659426E+0
-32.353215E+3	250.00000E+3	7.3606286E-12	-11.524913E+0
-30.392430E+3	250.00000E+3	7.1847185E-12	-33.805267E+0
-28.431645E+3	250.00000E+3	8.0571244E-12	-50.077923E+0
-26.470859E+3	250.00000E+3	10.207475E-12	-71.233711E+0
-24.510074E+3	250.00000E+3	11.090048E-12	35.573544E+0
-22.549289E+3	250.00000E+3	9.9921434E-12	23.817057E+0
-20.588504E+3	250.00000E+3	9.4165500E-12	81.643089E+0
-18.627719E+3	250.00000E+3	9.0038038E-12	74.982468E+0
-16.666934E+3	250.00000E+3	9.2355776E-12	66.225952E+0
-14.706149E+3	250.00000E+3	7.4297461E-12	29.734430E+0
-12.745365E+3	250.00000E+3	7.0879492E-12	9.0228968E+0
-10.784581E+3	250.00000E+3	7.2117815E-12	37.254417E+0
-8.8237969E+3	250.00000E+3	6.9672263E-12	9.2492743E+0
-6.8630127E+3	250.00000E+3	7.4991055E-12	42.129047E+0
-4.9022285E+3	250.00000E+3	6.9682745E-12	955.09255E-3
-2.9414443E+3	250.00000E+3	9.1367061E-12	67.790276E+0
-980.66003E+0	250.00000E+3	8.7937531E-12	12.584630E+0
980.12427E+0	250.00000E+3	9.0334181E-12	-20.827938E+0
2.9409087E+3	250.00000E+3	9.7276614E-12	-68.027687E+0
4.9016929E+3	250.00000E+3	7.3499470E-12	-5.6160960E+0
6.8624771E+3	250.00000E+3	6.8699929E-12	-17.265156E+0
8.8232617E+3	250.00000E+3	8.0019966E-12	-38.692207E+0
10.784046E+3	250.00000E+3	8.9765357E-12	968.67800E-3
12.744830E+3	250.00000E+3	10.033246E-12	85.988556E+0
14.705614E+3	250.00000E+3	11.627045E-12	89.831871E+0
16.666398E+3	250.00000E+3	13.070487E-12	28.995050E+0
18.627184E+3	250.00000E+3	8.4384609E-12	-18.027136E+0
20.587969E+3	250.00000E+3	7.0555831E-12	-16.572500E+0
22.548754E+3	250.00000E+3	9.6369484E-12	-15.009486E+0
24.509539E+3	250.00000E+3	18.299853E-12	-82.942314E+0
26.470324E+3	250.00000E+3	8.5198385E-12	-59.138226E+0
28.431109E+3	250.00000E+3	6.8314278E-12	-5.8344288E+0
30.391895E+3	250.00000E+3	8.7708564E-12	-42.993088E+0
32.352680E+3	250.00000E+3	15.672961E-12	-116.15900E+0
34.313465E+3	250.00000E+3	10.576294E-12	-69.086357E+0
36.274250E+3	250.00000E+3	12.500175E-12	103.58723E+0
38.235035E+3	250.00000E+3	9.2178175E-12	-10.262297E+0
40.195820E+3	250.00000E+3	17.105716E-12	-23.480482E+0
42.156605E+3	250.00000E+3	29.443902E-12	-111.43678E+0
44.117391E+3	250.00000E+3	27.667644E-12	146.21957E+0
46.078176E+3	250.00000E+3	9.3115975E-12	46.361126E+0
48.038961E+3	250.00000E+3	8.1635393E-12	-59.567863E+0
49.999746E+3	250.00000E+3	49.088764E-12	-159.25343E+0
51.960531E+3	250.00000E+3	26.201111E-12	125.60163E+0
53.921316E+3	250.00000E+3	45.491950E-12	143.05583E+0
55.882102E+3	250.00000E+3	46.807811E-12	112.33578E+0
57.842887E+3	250.00000E+3	42.321618E-12	-25.909277E+0
59.803672E+3	250.00000E+3	71.283840E-12	113.86981E+0
61.764457E+3	250.00000E+3	228.58984E-12	-38.402023E+0
63.725242E+3	250.00000E+3	83.778096E-12	-167.47491E+0
65.686023E+3	250.00000E+3	237.89420E-12	65.490829E+0
67.646805E+3	250.00000E+3	335.07663E-12	-56.116405E+0
69.607586E+3	250.00000E+3	488.02867E-12	-136.44402E+0
71.568367E+3	250.00000E+3	412.02014E-12	156.61517E+0
73.529148E+3	250.00000E+3	535.52934E-12	-89.579872E+0
75.489930E+3	250.00000E+3	203.51573E-12	167.88945E+0
77.450711E+3	250.00000E+3	256.02837E-12	137.16187E+0
79.411492E+3	250.00000E+3	102.72317E-12	89.267128E+0
81.372273E+3	250.00000E+3	80.636914E-12	75.838211E+0
83.333055E+3	250.00000E+3	177.59416E-12	70.459572E+0
85.293836E+3	250.00000E+3	139.04469E-12	26.240282E+0
87.254617E+3	250.00000E+3	83.699096E-12	-45.526527E+0
89.215398E+3	250.00000E+3	53.363331E-12	-154.13742E+0
91.176180E+3	250.00000E+3	93.948710E-12	72.345367E+0
93.136961E+3	250.00000E+3	99.838700E-12	-21.602510E+0
95.097742E+3	250.00000E+3	47.399158E-12	-47.142044E+0
97.058523E+3	250.00000E+3	65.931219E-12	-82.409950E+0
99.019305E+3	250.00000E+3	56.047559E-12	90.418114E+0
100.98009E+3	250.00000E+3	40.465107E-12	-111.79568E+0
102.94087E+3	250.00000E+3	30.183637E-12	116.82434E+0
104.90165E+3	250.00000E+3	42.115818E-12	35.403957E+0
106.86243E+3	250.00000E+3	23.078183E-12	71.524040E+0
108.82321E+3	250.00000E+3	77.153325E-12	11.678391E+0
110.78399E+3	250.00000E+3	45.454692E-12	-41.054539E+0
112.74477E+3	250.00000E+3	59.655225E-12	-6.9385872E+0
114.70555E+3	250.00000E+3	102.83623E-12	-27.585604E+0
116.66634E+3	250.00000E+3	126.63348E-12	-78.737572E+0
118.62712E+3	250.00000E+3	145.63971E-12	-104.02218E+0
120.58790E+3	250.00000E+3	145.71103E-12	-145.54082E+0
122.54868E+3	250.00000E+3	117.90811E-12	-155.44373E+0
124.50946E+3	250.00000E+3	109.91954E-12	159.09576E+0
126.47024E+3	250.00000E+3	54.527192E-12	-70.420479E+0
128.43102E+3	250.00000E+3	79.239185E-12	-14.991792E+0
130.39180E+3	250.00000E+3	87.180083E-12	-140.09212E+0
132.35259E+3	250.00000E+3	469.57038E-12	-135.21928E+0
134.31337E+3	250.00000E+3	302.86895E-12	35.615841E+0
136.27416E+3	250.00000E+3	204.55410E-12	-20.716904E+0
138.23494E+3	250.00000E+3	34.495649E-12	-37.092957E+0
140.19572E+3	250.00000E+3	43.198382E-12	82.308357E+0
142.15650E+3	250.00000E+3	86.656592E-12	7.0685472E+0
144.11728E+3	250.00000E+3	45.044031E-12	-3.8639333E+0
146.07806E+3	250.00000E+3	60.493201E-12	-12.031118E+0
148.03884E+3	250.00000E+3	90.810776E-12	-65.549217E+0
149.99962E+3	250.00000E+3	55.124481E-12	-114.53788E+0
151.96041E+3	250.00000E+3	52.689294E-12	-129.54361E+0
153.92119E+3	250.00000E+3	15.474587E-12	102.82401E+0
155.88197E+3	250.00000E+3	8.7693004E-12	-64.117874E+0
157.84275E+3	250.00000E+3	36.488177E-12	-118.58504E+0
159.80353E+3	250.00000E+3	38.836490E-12	29.727268E+0
161.76431E+3	250.00000E+3	72.275699E-12	-165.85207E+0
163.72509E+3	250.00000E+3	80.029906E-12	109.10279E+0
165.68587E+3	250.00000E+3	32.850837E-12	92.617783E+0
167.64666E+3	250.00000E+3	58.880477E-12	73.967323E+0
169.60744E+3	250.00000E+3	49.392917E-12	15.025422E+0
171.56822E+3	250.00000E+3	28.993622E-12	-19.191698E+0
173.52900E+3	250.00000E+3	6.9016745E-12	4.3715501E+0
175.48978E+3	250.00000E+3	11.171212E-12	62.296303E+0
177.45056E+3	250.00000E+3	10.065873E-12	27.174904E+0
179.41134E+3	250.00000E+3	23.762409E-12	28.286055E+0
181.37212E+3	250.00000E+3	16.268674E-12	-33.905506E+0
183.33291E+3	250.00000E+3	15.225737E-12	-93.895317E+0
185.29369E+3	250.00000E+3	11.604905E-12	96.997971E+0
187.25447E+3	250.00000E+3	22.319632E-12	-16.733345E+0
189.21525E+3	250.00000E+3	11.355077E-12	-83.030266E+0
191.17603E+3	250.00000E+3	7.5355607E-12	-14.870307E+0
193.13681E+3	250.00000E+3	9.5194755E-12	-31.867844E+0
195.09759E+3	250.00000E+3	9.1588343E-12	-27.642569E+0
197.05837E+3	250.00000E+3	9.9317100E-12	-48.582264E+0
199.01916E+3	250.00000E+3	7.6347409E-12	-29.008635E+0
200.97994E+3	250.00000E+3	17.931930E-12	35.472839E+0
202.94072E+3	250.00000E+3	44.660924E-12	-7.3940272E+0
204.90150E+3	250.00000E+3	59.666452E-12	-71.032631E+0
206.86228E+3	250.00000E+3	67.469801E-12	-102.32797E+0
208.82306E+3	250.00000E+3	85.884230E-12	-143.79222E+0
210.78384E+3	250.00000E+3	82.657020E-12	142.53697E+0
212.74462E+3	250.00000E+3	38.236712E-12	104.29046E+0
214.70541E+3	250.00000E+3	35.337962E-12	68.293556E+0
216.66619E+3	250.00000E+3	11.845521E-12	36.540863E+0
218.62697E+3	250.00000E+3	10.053761E-12	4.9620786E+0
220.58775E+3	250.00000E+3	8.1740708E-12	48.797585E+0
222.54853E+3	250.00000E+3	7.9437403E-12	50.259258E+0
224.50931E+3	250.00000E+3	9.2759385E-12	64.683342E+0
226.47009E+3	250.00000E+3	7.4496008E-12	32.223129E+0
228.43087E+3	250.00000E+3	7.4411432E-12	-561.23883E-3
230.39166E+3	250.00000E+3	7.3416030E-12	27.727890E+0
232.35244E+3	250.00000E+3	9.7378043E-12	34.013016E+0
234.31322E+3	250.00000E+3	8.1226805E-12	-43.713974E+0
236.27400E+3	250.00000E+3	7.3625663E-12	-39.028053E+0
238.23478E+3	250.00000E+3	7.0539850E-12	18.616896E+0
240.19556E+3	250.00000E+3	7.4886946E-12	29.240482E+0
242.15634E+3	250.00000E+3	7.8686597E-12	-8.3527699E+0
244.11712E+3	250.00000E+3	7.2696957E-12	-34.972351E+0
246.07791E+3	250.00000E+3	9.0716167E-12	4.9196262E+0
248.03869E+3	250.00000E+3	8.1119608E-12	56.427658E+0
249.99947E+3	250.00000E+3	8.3465899E-12	-61.075016E+0
