Experiment	Experiment	
Saved Date	09.09.2019 12:13:33	
User		
f_res (Hz)	408132.020	
Q	180	
Phase (deg)	-343.34	
Amp/Exc (nm/mV)	0.316041	
Number of points	256	
Fit length	 	

[DATA]
OC M1 Freq. Shift (Hz)	OC M1 Center Freq. (Hz)	OC D1 Amplitude (m)	OC D1 Phase (deg)
-250.00000E+3	250.00000E+3	27.086050E-12	97.494537E+0
-248.03922E+3	250.00000E+3	24.180043E-12	-1.0800527E+0
-246.07844E+3	250.00000E+3	21.571711E-12	-473.88130E-3
-244.11766E+3	250.00000E+3	19.984485E-12	-367.82217E-3
-242.15687E+3	250.00000E+3	16.985515E-12	-1.4645709E+0
-240.19609E+3	250.00000E+3	13.972269E-12	-3.0123966E+0
-238.23531E+3	250.00000E+3	11.309080E-12	-2.1227729E+0
-236.27453E+3	250.00000E+3	9.4799012E-12	-1.3912015E+0
-234.31375E+3	250.00000E+3	8.5137323E-12	-3.7834361E+0
-232.35297E+3	250.00000E+3	7.6041638E-12	-2.9336305E+0
-230.39219E+3	250.00000E+3	7.2719079E-12	-3.7577887E+0
-228.43141E+3	250.00000E+3	7.1053879E-12	-3.0123708E+0
-226.47062E+3	250.00000E+3	7.2191779E-12	-8.5489368E+0
-224.50984E+3	250.00000E+3	7.3817038E-12	-5.4102211E+0
-222.54906E+3	250.00000E+3	7.7154420E-12	-4.1653433E+0
-220.58828E+3	250.00000E+3	8.7835919E-12	-3.8199189E+0
-218.62750E+3	250.00000E+3	10.327478E-12	-1.4571532E+0
-216.66672E+3	250.00000E+3	12.701905E-12	13.825039E-3
-214.70594E+3	250.00000E+3	15.942428E-12	-1.3906932E+0
-212.74516E+3	250.00000E+3	18.128091E-12	-1.7162925E+0
-210.78437E+3	250.00000E+3	20.922103E-12	-1.1302339E+0
-208.82359E+3	250.00000E+3	23.088999E-12	-3.4703176E+0
-206.86281E+3	250.00000E+3	23.824004E-12	-509.38570E-3
-204.90203E+3	250.00000E+3	23.939307E-12	-4.2475572E+0
-202.94125E+3	250.00000E+3	23.048164E-12	-1.3225224E+0
-200.98047E+3	250.00000E+3	22.235769E-12	4.5997686E+0
-199.01969E+3	250.00000E+3	45.082094E-12	34.841812E+0
-197.05891E+3	250.00000E+3	45.113347E-12	-30.301695E+0
-195.09812E+3	250.00000E+3	28.734589E-12	-47.032532E+0
-193.13734E+3	250.00000E+3	43.434482E-12	32.053059E+0
-191.17656E+3	250.00000E+3	66.728609E-12	66.862610E+0
-189.21578E+3	250.00000E+3	34.424061E-12	27.273222E+0
-187.25500E+3	250.00000E+3	64.958233E-12	-44.064465E+0
-185.29422E+3	250.00000E+3	36.554537E-12	-43.759895E+0
-183.33344E+3	250.00000E+3	30.647124E-12	-92.811815E-3
-181.37266E+3	250.00000E+3	56.136793E-12	3.0023534E+0
-179.41187E+3	250.00000E+3	25.771387E-12	-2.2476306E+0
-177.45109E+3	250.00000E+3	27.077949E-12	6.4199204E+0
-175.49031E+3	250.00000E+3	24.754943E-12	-5.8624783E+0
-173.52953E+3	250.00000E+3	13.727534E-12	3.9233766E+0
-171.56875E+3	250.00000E+3	16.215947E-12	-13.700606E+0
-169.60797E+3	250.00000E+3	14.443466E-12	-70.759438E+0
-167.64719E+3	250.00000E+3	19.923202E-12	-109.84075E+0
-165.68641E+3	250.00000E+3	12.365395E-12	-23.035692E+0
-163.72562E+3	250.00000E+3	19.039201E-12	112.37848E+0
-161.76484E+3	250.00000E+3	10.630133E-12	-9.5487537E+0
-159.80406E+3	250.00000E+3	11.476539E-12	23.998821E+0
-157.84328E+3	250.00000E+3	10.028006E-12	-12.067704E+0
-155.88250E+3	250.00000E+3	11.151335E-12	42.425217E+0
-153.92172E+3	250.00000E+3	8.1630987E-12	-11.689133E+0
-151.96094E+3	250.00000E+3	9.6054761E-12	-59.682110E+0
-150.00016E+3	250.00000E+3	7.5062933E-12	-5.9053054E+0
-148.03937E+3	250.00000E+3	9.0501513E-12	43.996212E+0
-146.07859E+3	250.00000E+3	7.7653179E-12	-12.135002E+0
-144.11781E+3	250.00000E+3	7.0063629E-12	-9.7685051E+0
-142.15703E+3	250.00000E+3	6.9723762E-12	7.8707347E+0
-140.19625E+3	250.00000E+3	7.0247293E-12	-12.242047E+0
-138.23547E+3	250.00000E+3	7.5632417E-12	-41.192352E+0
-136.27469E+3	250.00000E+3	7.5234185E-12	11.113170E+0
-134.31391E+3	250.00000E+3	7.5118444E-12	19.151196E+0
-132.35312E+3	250.00000E+3	7.0706795E-12	-5.0088835E+0
-130.39234E+3	250.00000E+3	6.9611643E-12	-8.6896648E+0
-128.43156E+3	250.00000E+3	7.1414524E-12	-19.114178E+0
-126.47078E+3	250.00000E+3	7.5630439E-12	-15.487018E+0
-124.51000E+3	250.00000E+3	8.3472378E-12	-46.605011E+0
-122.54922E+3	250.00000E+3	7.7566087E-12	-22.593176E+0
-120.58844E+3	250.00000E+3	7.6138072E-12	39.024597E+0
-118.62766E+3	250.00000E+3	10.802756E-12	-34.393986E+0
-116.66687E+3	250.00000E+3	12.108936E-12	-76.072258E+0
-114.70609E+3	250.00000E+3	10.694800E-12	-81.334557E+0
-112.74531E+3	250.00000E+3	10.763038E-12	30.575008E+0
-110.78453E+3	250.00000E+3	7.4389765E-12	-36.581783E+0
-108.82375E+3	250.00000E+3	33.311322E-12	114.85436E+0
-106.86297E+3	250.00000E+3	8.3297614E-12	47.276764E+0
-104.90219E+3	250.00000E+3	7.9404009E-12	52.867924E+0
-102.94141E+3	250.00000E+3	8.7873103E-12	57.387764E+0
-100.98062E+3	250.00000E+3	7.2740308E-12	11.577327E+0
-99.019844E+3	250.00000E+3	9.2627121E-12	19.507601E+0
-97.059062E+3	250.00000E+3	9.1908616E-12	-54.601868E+0
-95.098281E+3	250.00000E+3	7.3063370E-12	-9.6104574E+0
-93.137500E+3	250.00000E+3	6.8418435E-12	4.5718713E+0
-91.176719E+3	250.00000E+3	6.9075331E-12	-15.348451E+0
-89.215937E+3	250.00000E+3	7.0318295E-12	-12.136010E+0
-87.255156E+3	250.00000E+3	7.9910124E-12	-32.332630E+0
-85.294375E+3	250.00000E+3	7.1635762E-12	-26.946726E+0
-83.333594E+3	250.00000E+3	8.8098244E-12	-68.769615E+0
-81.372812E+3	250.00000E+3	18.708864E-12	-54.918560E+0
-79.412031E+3	250.00000E+3	6.9132538E-12	-5.1814060E+0
-77.451250E+3	250.00000E+3	7.2148836E-12	14.747893E+0
-75.490469E+3	250.00000E+3	8.1907571E-12	-39.425480E+0
-73.529687E+3	250.00000E+3	7.6257889E-12	-10.328516E+0
-71.568906E+3	250.00000E+3	12.201536E-12	-82.739838E+0
-69.608125E+3	250.00000E+3	14.910342E-12	-114.07681E+0
-67.647344E+3	250.00000E+3	15.281984E-12	-100.21480E+0
-65.686562E+3	250.00000E+3	16.092683E-12	-95.987228E+0
-63.725777E+3	250.00000E+3	18.796067E-12	133.47639E+0
-61.764992E+3	250.00000E+3	6.8498514E-12	8.3984404E+0
-59.804207E+3	250.00000E+3	14.763309E-12	-23.509089E+0
-57.843422E+3	250.00000E+3	7.7744998E-12	-49.857292E+0
-55.882637E+3	250.00000E+3	15.523759E-12	92.860100E+0
-53.921852E+3	250.00000E+3	27.639545E-12	117.08297E+0
-51.961066E+3	250.00000E+3	13.715237E-12	20.099012E+0
-50.000281E+3	250.00000E+3	7.4827046E-12	-3.8653178E+0
-48.039496E+3	250.00000E+3	6.8362525E-12	3.0848207E+0
-46.078711E+3	250.00000E+3	9.1774036E-12	50.155895E+0
-44.117926E+3	250.00000E+3	11.614190E-12	2.7461920E+0
-42.157141E+3	250.00000E+3	8.6342305E-12	-67.134834E+0
-40.196355E+3	250.00000E+3	8.5180083E-12	-42.334793E+0
-38.235570E+3	250.00000E+3	7.1564417E-12	-23.647459E+0
-36.274785E+3	250.00000E+3	7.8557031E-12	-52.697414E+0
-34.314000E+3	250.00000E+3	6.9745095E-12	-16.492159E+0
-32.353215E+3	250.00000E+3	7.0679582E-12	-21.547123E+0
-30.392430E+3	250.00000E+3	7.2206269E-12	-31.709160E+0
-28.431645E+3	250.00000E+3	7.5521438E-12	-27.871191E+0
-26.470859E+3	250.00000E+3	7.6341511E-12	26.692200E+0
-24.510074E+3	250.00000E+3	11.877623E-12	-63.262642E+0
-22.549289E+3	250.00000E+3	11.500466E-12	-90.645660E+0
-20.588504E+3	250.00000E+3	9.7094173E-12	-70.995758E+0
-18.627719E+3	250.00000E+3	7.6528176E-12	-24.346254E+0
-16.666934E+3	250.00000E+3	8.0089182E-12	-27.258036E+0
-14.706149E+3	250.00000E+3	7.9149708E-12	-30.240200E+0
-12.745365E+3	250.00000E+3	7.3085774E-12	-27.831491E+0
-10.784581E+3	250.00000E+3	8.9740567E-12	38.310154E+0
-8.8237969E+3	250.00000E+3	7.9704828E-12	-2.2389479E+0
-6.8630127E+3	250.00000E+3	9.0798861E-12	52.476692E+0
-4.9022285E+3	250.00000E+3	8.2996249E-12	-47.678696E+0
-2.9414443E+3	250.00000E+3	15.898578E-12	105.53183E+0
-980.66003E+0	250.00000E+3	16.194997E-12	-4.1424527E+0
980.12427E+0	250.00000E+3	8.5642630E-12	-68.436745E+0
2.9409087E+3	250.00000E+3	9.4182136E-12	-79.123100E+0
4.9016929E+3	250.00000E+3	7.4740977E-12	-11.215320E+0
6.8624771E+3	250.00000E+3	7.0656467E-12	20.621592E+0
8.8232617E+3	250.00000E+3	10.648711E-12	-49.272533E+0
10.784046E+3	250.00000E+3	12.418669E-12	-101.88582E+0
12.744830E+3	250.00000E+3	11.366554E-12	-48.271248E+0
14.705614E+3	250.00000E+3	16.690928E-12	127.53999E+0
16.666398E+3	250.00000E+3	19.569695E-12	-60.686092E+0
18.627184E+3	250.00000E+3	10.942742E-12	52.806755E+0
20.587969E+3	250.00000E+3	11.802447E-12	101.36707E+0
22.548754E+3	250.00000E+3	7.6688933E-12	40.148525E+0
24.509539E+3	250.00000E+3	10.517310E-12	56.440495E+0
26.470324E+3	250.00000E+3	13.980991E-12	-55.004314E+0
28.431109E+3	250.00000E+3	37.116896E-12	-150.27237E+0
30.391895E+3	250.00000E+3	18.400092E-12	22.383097E+0
32.352680E+3	250.00000E+3	41.127622E-12	-118.02904E+0
34.313465E+3	250.00000E+3	28.085863E-12	130.61836E+0
36.274250E+3	250.00000E+3	24.111721E-12	27.201345E+0
38.235035E+3	250.00000E+3	37.606595E-12	-154.99321E+0
40.195820E+3	250.00000E+3	117.35929E-12	162.98451E+0
42.156605E+3	250.00000E+3	167.65263E-12	142.06227E+0
44.117391E+3	250.00000E+3	325.83400E-12	42.744720E+0
46.078176E+3	250.00000E+3	50.740624E-12	-60.451973E+0
48.038961E+3	250.00000E+3	192.91721E-12	66.787727E+0
49.999746E+3	250.00000E+3	404.18491E-12	53.815033E+0
51.960531E+3	250.00000E+3	199.93548E-12	-73.284073E+0
53.921316E+3	250.00000E+3	116.88997E-12	-7.2161212E+0
55.882102E+3	250.00000E+3	170.15483E-12	-51.716290E+0
57.842887E+3	250.00000E+3	126.94050E-12	-81.682396E+0
59.803672E+3	250.00000E+3	67.045466E-12	-73.793015E+0
61.764457E+3	250.00000E+3	77.692998E-12	-108.44855E+0
63.725242E+3	250.00000E+3	202.40236E-12	-113.93056E+0
65.686023E+3	250.00000E+3	140.78852E-12	-155.53441E+0
67.646805E+3	250.00000E+3	90.848828E-12	156.52702E+0
69.607586E+3	250.00000E+3	59.821273E-12	-160.95094E+0
71.568367E+3	250.00000E+3	131.72659E-12	149.38641E+0
73.529148E+3	250.00000E+3	105.60738E-12	32.055511E+0
75.489930E+3	250.00000E+3	200.40906E-12	-105.27248E+0
77.450711E+3	250.00000E+3	237.60754E-12	-146.06450E+0
79.411492E+3	250.00000E+3	163.37041E-12	-113.63708E+0
81.372273E+3	250.00000E+3	363.24341E-12	168.47762E+0
83.333055E+3	250.00000E+3	376.96529E-12	134.86920E+0
85.293836E+3	250.00000E+3	333.13610E-12	145.42203E+0
87.254617E+3	250.00000E+3	639.91556E-12	101.66154E+0
89.215398E+3	250.00000E+3	805.82663E-12	23.224960E+0
91.176180E+3	250.00000E+3	358.39312E-12	-60.697849E+0
93.136961E+3	250.00000E+3	167.48003E-12	-81.038582E+0
95.097742E+3	250.00000E+3	28.558756E-12	-74.555061E+0
97.058523E+3	250.00000E+3	55.474687E-12	-31.788288E+0
99.019305E+3	250.00000E+3	74.212206E-12	-130.14818E+0
100.98009E+3	250.00000E+3	81.515836E-12	148.96080E+0
102.94087E+3	250.00000E+3	45.083728E-12	107.11057E+0
104.90165E+3	250.00000E+3	33.616332E-12	63.491119E+0
106.86243E+3	250.00000E+3	47.308504E-12	27.327868E+0
108.82321E+3	250.00000E+3	34.625663E-12	4.6440873E+0
110.78399E+3	250.00000E+3	25.621564E-12	21.183876E+0
112.74477E+3	250.00000E+3	13.811101E-12	3.9358668E+0
114.70555E+3	250.00000E+3	42.172772E-12	26.736568E+0
116.66634E+3	250.00000E+3	40.836532E-12	-8.5924063E+0
118.62712E+3	250.00000E+3	44.912043E-12	-18.808296E+0
120.58790E+3	250.00000E+3	34.564910E-12	-54.714535E+0
122.54868E+3	250.00000E+3	18.766216E-12	-44.834244E+0
124.50946E+3	250.00000E+3	16.385549E-12	-45.942360E+0
126.47024E+3	250.00000E+3	32.133643E-12	71.670967E+0
128.43102E+3	250.00000E+3	57.979017E-12	30.258322E+0
130.39180E+3	250.00000E+3	102.15735E-12	6.2186308E+0
132.35259E+3	250.00000E+3	150.91167E-12	-11.391727E+0
134.31337E+3	250.00000E+3	196.87071E-12	-24.716593E+0
136.27416E+3	250.00000E+3	163.06147E-12	-96.680550E+0
138.23494E+3	250.00000E+3	87.619349E-12	-24.107256E+0
140.19572E+3	250.00000E+3	163.74598E-12	-78.372849E+0
142.15650E+3	250.00000E+3	148.05220E-12	-141.97707E+0
144.11728E+3	250.00000E+3	346.59250E-12	9.7482491E+0
146.07806E+3	250.00000E+3	944.57453E-12	-48.112953E+0
148.03884E+3	250.00000E+3	976.15049E-12	-121.17279E+0
149.99962E+3	250.00000E+3	1.0236640E-9	-119.09797E+0
151.96041E+3	250.00000E+3	2.5410449E-9	-149.12907E+0
153.92119E+3	250.00000E+3	2.7007823E-9	172.83856E+0
155.88197E+3	250.00000E+3	5.7991154E-9	163.44572E+0
157.84275E+3	250.00000E+3	11.061442E-9	28.224001E+0
159.80353E+3	250.00000E+3	6.9870345E-9	-93.608513E+0
161.76431E+3	250.00000E+3	2.5278499E-9	-79.083130E+0
163.72509E+3	250.00000E+3	1.7267766E-9	-80.894562E+0
165.68587E+3	250.00000E+3	2.0342406E-9	-144.97577E+0
167.64666E+3	250.00000E+3	2.2233531E-9	142.79453E+0
169.60744E+3	250.00000E+3	1.0273944E-9	74.904892E+0
171.56822E+3	250.00000E+3	390.86551E-12	27.505613E+0
173.52900E+3	250.00000E+3	379.38289E-12	1.4974903E+0
175.48978E+3	250.00000E+3	341.28408E-12	-18.676819E+0
177.45056E+3	250.00000E+3	475.72096E-12	-69.763245E+0
179.41134E+3	250.00000E+3	289.26525E-12	-116.08723E+0
181.37212E+3	250.00000E+3	349.07646E-12	-120.07272E+0
183.33291E+3	250.00000E+3	307.61416E-12	144.45195E+0
185.29369E+3	250.00000E+3	141.11305E-12	79.385834E+0
187.25447E+3	250.00000E+3	129.57688E-12	-141.33728E+0
189.21525E+3	250.00000E+3	120.58196E-12	138.90303E+0
191.17603E+3	250.00000E+3	79.794525E-12	157.38593E+0
193.13681E+3	250.00000E+3	122.74297E-12	141.28128E+0
195.09759E+3	250.00000E+3	139.00353E-12	107.66337E+0
197.05837E+3	250.00000E+3	176.34805E-12	81.202972E+0
199.01916E+3	250.00000E+3	147.55262E-12	59.129864E+0
200.97994E+3	250.00000E+3	181.52232E-12	83.904762E+0
202.94072E+3	250.00000E+3	303.84054E-12	3.8918245E+0
204.90150E+3	250.00000E+3	158.88028E-12	-76.481476E+0
206.86228E+3	250.00000E+3	179.49282E-12	-28.833708E+0
208.82306E+3	250.00000E+3	95.854061E-12	-129.43660E+0
210.78384E+3	250.00000E+3	44.128867E-12	61.496281E+0
212.74462E+3	250.00000E+3	179.80817E-12	-46.419586E+0
214.70541E+3	250.00000E+3	108.87730E-12	-114.76629E+0
216.66619E+3	250.00000E+3	80.619657E-12	105.78276E+0
218.62697E+3	250.00000E+3	190.35987E-12	-46.129753E+0
220.58775E+3	250.00000E+3	203.75569E-12	-118.57984E+0
222.54853E+3	250.00000E+3	221.04769E-12	-152.15805E+0
224.50931E+3	250.00000E+3	153.42790E-12	168.35649E+0
226.47009E+3	250.00000E+3	135.42828E-12	140.91763E+0
228.43087E+3	250.00000E+3	114.33191E-12	109.78571E+0
230.39166E+3	250.00000E+3	103.40730E-12	75.652931E+0
232.35244E+3	250.00000E+3	53.254397E-12	3.7488539E+0
234.31322E+3	250.00000E+3	16.909025E-12	103.37651E+0
236.27400E+3	250.00000E+3	25.847770E-12	35.543430E+0
238.23478E+3	250.00000E+3	28.604334E-12	54.719917E+0
240.19556E+3	250.00000E+3	24.608669E-12	-41.228527E+0
242.15634E+3	250.00000E+3	55.332038E-12	103.58740E+0
244.11712E+3	250.00000E+3	54.004530E-12	-20.933777E+0
246.07791E+3	250.00000E+3	37.905720E-12	111.81216E+0
248.03869E+3	250.00000E+3	52.922580E-12	-106.40442E+0
249.99947E+3	250.00000E+3	105.13261E-12	101.58794E+0
