Experiment	Z spectroscopy	
Saved Date	07.11.2019 11:25:12	
User		
X (m)	5.00196E-6	
Y (m)	-1.45144E-6	
Z (m)	-108.824E-9	
Z offset (m)	10E-9	
Z sweep distance (m)	30E-9	
Settling time (s)	200E-6	
Integration time (s)	100E-6	
Final Z (m)	N/A	
Start time	07.11.2019 11:24:49	
Filter type	None	
Order		
Cutoff frq		

[DATA]
Z rel (m)	Vert. Deflection (V)	OC D1 Phase (deg)	OC D1 Amplitude (m)	OC M1 Freq. Shift (Hz)	Vert. Deflection [bwd] (V)	OC D1 Phase [bwd] (deg)	OC D1 Amplitude [bwd] (m)	OC M1 Freq. Shift [bwd] (Hz)
9.9999999E-9	69.921874E-3	45.139231E-3	62.227933E-9	-22.885284E+0	188.57218E-3	740.07130E-3	11.530044E-9	-97.494881E+0
9.8823527E-9	70.141599E-3	61.341006E-3	62.321014E-9	-25.915241E+0	195.05411E-3	749.73345E-3	11.152385E-9	-105.60413E+0
9.7647055E-9	69.610596E-3	8.4026773E-3	62.471443E-9	-29.306950E+0	202.47804E-3	717.96089E-3	10.702649E-9	-106.81505E+0
9.6470592E-9	69.583133E-3	91.485150E-3	62.573875E-9	-22.316460E+0	207.83335E-3	678.52038E-3	10.333273E-9	-110.36428E+0
9.5294119E-9	69.952391E-3	8.0127455E-3	62.687505E-9	-26.336311E+0	212.69481E-3	687.72823E-3	9.9023980E-9	-117.03271E+0
9.4117647E-9	69.518536E-3	67.252606E-3	62.817833E-9	-25.404394E+0	221.15429E-3	595.68131E-3	9.4428412E-9	-127.76424E+0
9.2941175E-9	68.712868E-3	22.342024E-3	62.887210E-9	-22.268385E+0	224.52800E-3	631.35034E-3	9.0643217E-9	-125.75464E+0
9.1764703E-9	70.372522E-3	34.915004E-3	63.012124E-9	-26.972010E+0	230.88430E-3	653.75626E-3	8.6676231E-9	-122.66199E+0
9.0588230E-9	70.282497E-3	37.655272E-3	63.098412E-9	-26.433748E+0	240.21047E-3	543.73562E-3	8.2969862E-9	-141.00879E+0
8.9411767E-9	70.352681E-3	33.420678E-3	63.220376E-9	-24.079973E+0	246.43148E-3	562.02012E-3	7.9479721E-9	-134.00453E+0
8.8235295E-9	71.240745E-3	16.957777E-3	63.334397E-9	-26.760456E+0	251.19019E-3	594.45244E-3	7.5840196E-9	-133.34431E+0
8.7058822E-9	68.896994E-3	44.588707E-3	63.419819E-9	-25.122633E+0	258.53932E-3	518.49025E-3	7.1660113E-9	-145.36531E+0
8.5882350E-9	70.372008E-3	7.6730791E-3	63.548086E-9	-24.757814E+0	265.07619E-3	570.48273E-3	6.7091310E-9	-140.83820E+0
8.4705878E-9	68.748474E-3	44.643041E-3	63.576557E-9	-29.403221E+0	270.66344E-3	602.72819E-3	6.3072223E-9	-141.93190E+0
8.3529414E-9	70.659384E-3	9.5903669E-3	63.696781E-9	-26.382113E+0	279.40369E-3	485.24201E-3	5.8889666E-9	-150.10695E+0
8.2352942E-9	69.266766E-3	49.498413E-3	63.790857E-9	-24.296459E+0	287.64191E-3	733.76602E-3	5.4791873E-9	-148.20135E+0
8.1176470E-9	69.798790E-3	-421.81896E-6	63.867851E-9	-29.503769E+0	292.83550E-3	980.53497E-3	5.0533666E-9	-143.79077E+0
7.9999998E-9	69.958501E-3	47.985546E-3	63.974312E-9	-22.764450E+0	299.65261E-3	291.51917E-3	4.5336459E-9	-153.36957E+0
7.8823525E-9	69.465131E-3	17.934870E-3	64.017847E-9	-26.198191E+0	310.51534E-3	85.519582E-3	3.9683972E-9	-147.77376E+0
7.7647062E-9	69.762163E-3	14.340724E-3	64.117501E-9	-27.836376E+0	319.47988E-3	1.1741605E+0	3.3047833E-9	-133.42944E+0
7.6470590E-9	70.013940E-3	36.740057E-3	64.189180E-9	-23.719536E+0	326.96077E-3	2.5217090E+0	2.4097397E-9	-86.310028E+0
7.5294118E-9	71.209207E-3	-3.8814393E-3	64.246855E-9	-25.784779E+0	336.15825E-3	15.344598E+0	1.1052526E-9	-73.350182E+0
7.4117645E-9	70.229590E-3	24.634654E-3	64.332227E-9	-26.897432E+0	3.3525777E+0	31.212807E+0	23.348812E-12	-151.19562E+0
7.2941173E-9	69.591776E-3	9.0190656E-3	64.389582E-9	-23.207027E+0	3.3990407E+0	49.300331E+0	22.574637E-12	-112.81505E+0
7.1764705E-9	71.637474E-3	5.6531630E-3	64.470605E-9	-27.889055E+0	3.3963242E+0	8.5941229E+0	22.557430E-12	-133.55722E+0
7.0588237E-9	71.028136E-3	25.563151E-3	64.504590E-9	-27.624001E+0	3.3845973E+0	-19.557938E+0	20.772932E-12	-154.00253E+0
6.9411765E-9	70.534773E-3	-6.0943179E-3	64.576859E-9	-26.645597E+0	3.3778763E+0	-25.656450E+0	25.641772E-12	-139.83636E+0
6.8235293E-9	70.563249E-3	10.673097E-3	64.619336E-9	-27.705315E+0	3.3701172E+0	54.651653E+0	20.835189E-12	-118.91553E+0
6.7058821E-9	70.509337E-3	4.9113068E-3	64.684400E-9	-28.510197E+0	3.3450241E+0	-26.324644E+0	18.919064E-12	-163.14992E+0
6.5882353E-9	70.584618E-3	10.295828E-3	64.759675E-9	-23.611233E+0	3.3311346E+0	-14.637816E+0	26.359052E-12	-199.43472E+0
6.4705881E-9	69.586687E-3	26.219867E-3	64.810749E-9	-30.345320E+0	3.3181443E+0	-1.3318800E+0	28.739219E-12	-103.87086E+0
6.3529413E-9	69.969684E-3	-4.0243105E-3	64.894969E-9	-25.823782E+0	3.2963099E+0	3.4847972E+0	16.753788E-12	-125.47597E+0
6.2352941E-9	69.969684E-3	38.112435E-3	64.919462E-9	-24.315481E+0	3.2760961E+0	-36.195137E+0	20.343350E-12	-209.99983E+0
6.1176468E-9	70.164487E-3	-21.701425E-3	64.988043E-9	-28.844131E+0	3.2581038E+0	-87.470291E+0	14.396062E-12	-194.28207E+0
6.0000001E-9	70.194498E-3	34.170523E-3	65.056859E-9	-24.375462E+0	3.2390797E+0	-9.9231977E+0	11.617619E-12	-104.16560E+0
5.8823528E-9	70.849098E-3	-6.7138229E-3	65.044816E-9	-25.796295E+0	3.2073324E+0	-24.481131E+0	19.444680E-12	-134.71985E+0
5.7647060E-9	70.624284E-3	1.2763288E-3	65.146637E-9	-31.189795E+0	3.1832290E+0	-125.75516E+0	15.466127E-12	-154.43515E+0
5.6470588E-9	70.354715E-3	6.7659072E-3	65.143389E-9	-24.587896E+0	3.1724019E+0	-44.912971E+0	18.068672E-12	-190.84837E+0
5.5294116E-9	70.870459E-3	-8.4323511E-3	65.181737E-9	-27.645735E+0	3.1552100E+0	-38.616848E+0	21.866516E-12	-189.69305E+0
5.4117648E-9	70.219420E-3	-7.1338839E-3	65.221506E-9	-28.180950E+0	3.1345241E+0	34.060570E+0	19.594160E-12	-153.47849E+0
5.2941176E-9	70.012920E-3	21.612637E-3	65.220981E-9	-24.958633E+0	3.1119695E+0	-16.610710E+0	28.110483E-12	-129.62851E+0
5.1764704E-9	70.875555E-3	-23.677075E-3	65.312705E-9	-28.773588E+0	3.0948949E+0	56.977921E+0	21.170428E-12	-127.84229E+0
5.0588236E-9	71.107991E-3	29.040264E-3	65.312818E-9	-29.833893E+0	3.0708668E+0	40.925163E+0	17.256068E-12	-116.73592E+0
4.9411764E-9	70.049539E-3	-28.898114E-3	65.387354E-9	-25.042660E+0	3.0365489E+0	-65.902924E+0	16.016084E-12	-191.75394E+0
4.8235291E-9	71.379595E-3	31.207968E-3	65.417503E-9	-27.064829E+0	3.0199733E+0	54.260792E+0	6.2308912E-12	-142.52290E+0
4.7058824E-9	71.411639E-3	-26.291158E-3	65.434008E-9	-28.343157E+0	3.0083776E+0	7.0319061E+0	13.302698E-12	-175.85767E+0
4.5882351E-9	70.544437E-3	22.821249E-3	65.468377E-9	-24.726366E+0	2.9845443E+0	-20.076412E+0	16.710206E-12	-181.52065E+0
4.4705883E-9	70.034795E-3	-14.252665E-3	65.504338E-9	-30.230593E+0	2.9615355E+0	-3.1167920E+0	24.650492E-12	-180.39693E+0
4.3529411E-9	70.403539E-3	10.026877E-3	65.563285E-9	-26.864035E+0	2.9458389E+0	3.2137172E+0	14.853922E-12	-164.92953E+0
4.2352939E-9	70.341997E-3	-2.7192750E-3	65.580458E-9	-24.926411E+0	2.9150198E+0	-19.867769E+0	20.148978E-12	-150.36110E+0
4.1176471E-9	71.201071E-3	-11.697413E-3	65.646070E-9	-30.534397E+0	2.8849430E+0	-53.157936E+0	20.286091E-12	-187.68291E+0
3.9999999E-9	70.937097E-3	-8.6948518E-3	65.650397E-9	-27.643576E+0	2.8703537E+0	-62.571114E+0	30.190631E-12	-154.71901E+0
3.8823531E-9	71.526080E-3	11.222783E-3	65.659435E-9	-27.211557E+0	2.8486876E+0	-63.458096E+0	16.785117E-12	-110.50993E+0
3.7647059E-9	70.300803E-3	-28.153662E-3	65.714843E-9	-31.532471E+0	2.8201487E+0	-83.760788E+0	14.148824E-12	-104.13355E+0
3.6470587E-9	70.148721E-3	21.640241E-3	65.699375E-9	-26.907825E+0	2.7976339E+0	22.639286E+0	15.188550E-12	-98.191200E+0
3.5294119E-9	70.938617E-3	-45.597177E-3	65.777499E-9	-28.300056E+0	2.7809627E+0	77.070328E+0	8.4105518E-12	-55.447933E+0
3.4117646E-9	70.681259E-3	11.871533E-3	65.814795E-9	-29.369061E+0	2.7504604E+0	63.410233E+0	26.778845E-12	-32.356445E+0
3.2941174E-9	71.980283E-3	-18.948261E-3	65.827436E-9	-26.320379E+0	2.7205851E+0	83.621529E+0	13.440104E-12	-124.71603E+0
3.1764706E-9	71.419783E-3	-2.0450847E-3	65.856881E-9	-28.373312E+0	2.7082663E+0	-28.388460E+0	18.315544E-12	-172.09286E+0
3.0588234E-9	71.301267E-3	-16.491354E-3	65.857151E-9	-31.746187E+0	2.6841354E+0	-30.214304E+0	17.429240E-12	-174.94051E+0
2.9411762E-9	71.521506E-3	-6.7600422E-3	65.871077E-9	-25.059473E+0	2.6494994E+0	-46.668732E+0	23.875816E-12	-205.73140E+0
2.8235294E-9	71.576945E-3	-9.6853822E-3	65.889694E-9	-28.306122E+0	2.6234217E+0	31.921524E+0	14.078404E-12	-122.74106E+0
2.7058822E-9	70.911154E-3	-20.108663E-3	65.949180E-9	-30.163694E+0	2.6062806E+0	-71.146667E+0	18.780632E-12	-228.56438E+0
2.5882354E-9	72.753400E-3	-2.2092876E-3	65.979940E-9	-26.672869E+0	2.5820079E+0	10.494981E+0	19.905905E-12	-141.84259E+0
2.4705882E-9	71.687318E-3	-14.043263E-3	65.955625E-9	-31.832682E+0	2.5627604E+0	-24.812380E+0	30.130714E-12	-187.87953E+0
2.3529410E-9	71.605429E-3	-27.280053E-3	66.041402E-9	-31.423296E+0	2.5474119E+0	-76.092102E+0	25.465609E-12	-212.14090E+0
2.2352937E-9	71.800232E-3	-3.7513350E-3	66.003352E-9	-26.579765E+0	2.5187118E+0	-49.503788E+0	28.032575E-12	-194.30788E+0
2.1176474E-9	72.289534E-3	-34.404203E-3	66.000844E-9	-32.659008E+0	2.4886556E+0	-70.133247E+0	11.479473E-12	-178.31117E+0
2.0000002E-9	71.889751E-3	-3.7972508E-3	66.072822E-9	-29.551559E+0	2.4677057E+0	-3.8032424E+0	30.495061E-12	-185.47632E+0
1.8823529E-9	72.344460E-3	-21.209968E-3	66.057140E-9	-30.168867E+0	2.4477432E+0	19.977095E+0	29.774801E-12	-107.35199E+0
1.7647057E-9	72.249353E-3	-32.493349E-3	66.104889E-9	-32.702568E+0	2.4236195E+0	35.082104E+0	14.664953E-12	-140.14777E+0
1.6470585E-9	71.956381E-3	9.1965655E-3	66.118311E-9	-28.481516E+0	2.4090137E+0	-21.896372E+0	28.442223E-12	-206.08311E+0
1.5294122E-9	72.421774E-3	-43.647606E-3	66.144167E-9	-27.063757E+0	2.3947053E+0	-17.497240E+0	23.343530E-12	-144.73918E+0
1.4117649E-9	72.276816E-3	642.33522E-6	66.110566E-9	-31.830395E+0	2.3610334E+0	-74.515388E+0	25.376127E-12	-199.33067E+0
1.2941177E-9	71.782939E-3	-43.633509E-3	66.135840E-9	-29.235025E+0	2.3336415E+0	-235.73875E-3	28.945971E-12	-132.89091E+0
1.1764705E-9	72.639465E-3	-5.1214830E-3	66.182231E-9	-30.043310E+0	2.3107269E+0	35.347309E+0	16.110856E-12	-88.161797E+0
1.0588233E-9	72.748311E-3	-41.725397E-3	66.181876E-9	-33.996655E+0	2.2905400E+0	-73.525177E+0	15.466061E-12	-192.08299E+0
941.17603E-12	72.962441E-3	-17.280268E-3	66.206901E-9	-29.155275E+0	2.2713075E+0	-32.089363E+0	22.404757E-12	-189.17679E+0
823.52969E-12	73.440045E-3	-38.103104E-3	66.187596E-9	-31.282131E+0	2.2427342E+0	-10.262349E+0	29.127256E-12	-166.45337E+0
705.88246E-12	73.489890E-3	-37.994549E-3	66.196236E-9	-36.224224E+0	2.2229443E+0	-50.052132E+0	20.898915E-12	-199.08604E+0
588.23524E-12	73.588558E-3	-36.318421E-3	66.232559E-9	-31.061110E+0	2.1934073E+0	11.043626E+0	14.969644E-12	-137.10866E+0
470.58801E-12	73.450729E-3	-33.303864E-3	66.200940E-9	-35.602657E+0	2.1652334E+0	-52.371971E+0	20.202468E-12	-186.82506E+0
352.94079E-12	74.863181E-3	-57.196170E-3	66.261443E-9	-34.485867E+0	2.1424453E+0	39.445721E+0	33.886102E-12	-111.02927E+0
235.29445E-12	72.926328E-3	-8.0346726E-3	66.233319E-9	-30.693869E+0	2.1268504E+0	-46.029087E+0	19.587195E-12	-148.93140E+0
117.64723E-12	73.155217E-3	-73.638290E-3	66.267816E-9	-34.711342E+0	2.1083424E+0	-7.7647166E+0	19.544664E-12	-170.14307E+0
0.0000000E+0	72.672524E-3	-7.5172228E-3	66.292031E-9	-35.138592E+0	2.0752919E+0	-100.38678E+0	29.809780E-12	-214.50436E+0
-117.64723E-12	75.300597E-3	-54.312076E-3	66.141951E-9	-30.518322E+0	2.0512431E+0	-17.554308E+0	20.303995E-12	-151.80135E+0
-235.29445E-12	77.164717E-3	-26.857892E-3	65.931033E-9	-35.707947E+0	2.0231044E+0	-23.330315E+0	43.565002E-12	-212.90793E+0
-352.94168E-12	80.394998E-3	-115.65903E-3	65.629777E-9	-41.397896E+0	1.9937739E+0	-41.734348E+0	20.757224E-12	-145.51105E+0
-470.58801E-12	84.646098E-3	-224.60313E-3	65.231440E-9	-50.283989E+0	1.9689250E+0	-54.930717E+0	19.056201E-12	-173.04494E+0
-588.23524E-12	89.103699E-3	-410.62698E-3	64.605956E-9	-73.456978E+0	1.9571223E+0	-466.49954E-3	30.518876E-12	-159.37117E+0
-705.88246E-12	89.905292E-3	-450.75616E-3	63.958993E-9	-79.113670E+0	1.9362763E+0	-44.954803E+0	28.222169E-12	-161.59830E+0
-823.52969E-12	93.731694E-3	-562.14607E-3	63.149741E-9	-89.945587E+0	1.9089651E+0	19.270828E+0	22.218947E-12	-116.72470E+0
-941.17691E-12	99.766538E-3	-849.27344E-3	62.121032E-9	-119.33310E+0	1.8881652E+0	-6.4705825E+0	27.919278E-12	-218.45160E+0
-1.0588233E-9	102.05638E-3	-941.64050E-3	60.770731E-9	-136.27310E+0	1.8554698E+0	-15.297751E+0	7.5499841E-12	-159.83727E+0
-1.1764705E-9	96.124269E-3	-725.41344E-3	59.543638E-9	-110.43603E+0	1.8167648E+0	-84.719231E+0	16.927421E-12	-209.97763E+0
-1.2941177E-9	93.686424E-3	-589.76567E-3	58.523213E-9	-104.46993E+0	1.8000340E+0	-23.047506E+0	23.197302E-12	-186.27576E+0
-1.4117649E-9	95.823161E-3	-615.05175E-3	57.309443E-9	-107.40295E+0	1.7919413E+0	-5.2108593E+0	39.309042E-12	-153.91904E+0
-1.5294122E-9	95.009364E-3	-537.03773E-3	55.918239E-9	-101.01196E+0	1.7640421E+0	-56.998482E+0	21.691961E-12	-187.74965E+0
-1.6470585E-9	94.427489E-3	-517.82888E-3	54.439326E-9	-100.20310E+0	1.7366120E+0	-69.266571E+0	33.092053E-12	-163.33563E+0
-1.7647057E-9	95.796712E-3	-560.98306E-3	52.722058E-9	-110.33996E+0	1.7232224E+0	-36.718338E+0	29.206512E-12	-205.68800E+0
-1.8823529E-9	99.450178E-3	-623.06738E-3	50.559805E-9	-121.63158E+0	1.6947931E+0	-91.635002E+0	11.696469E-12	-187.79730E+0
-2.0000002E-9	102.62807E-3	-745.77957E-3	48.292186E-9	-128.36232E+0	1.6607931E+0	13.924520E+0	15.240975E-12	-120.03062E+0
-2.1176474E-9	104.84823E-3	-795.78102E-3	45.734065E-9	-137.92215E+0	1.6405624E+0	22.360197E+0	8.5632395E-12	-133.42810E+0
-2.2352937E-9	106.14319E-3	-840.12842E-3	43.723226E-9	-142.86479E+0	1.6218038E+0	1.4716517E+0	11.991463E-12	-165.17747E+0
-2.3529410E-9	114.81577E-3	-1.2907798E+0	41.829349E-9	-179.33461E+0	1.5912949E+0	51.874588E+0	21.537435E-12	-101.79895E+0
-2.4705882E-9	122.58963E-3	-1.8568809E+0	39.715047E-9	-212.94849E+0	1.5624684E+0	51.154228E+0	17.580586E-12	-114.39159E+0
-2.5882354E-9	126.10424E-3	-2.2454858E+0	36.981653E-9	-242.88634E+0	1.5470428E+0	6.0394578E+0	20.305403E-12	-157.35541E+0
-2.7058826E-9	120.91216E-3	-1.9420079E+0	34.373720E-9	-237.84209E+0	1.5259043E+0	-50.911381E+0	26.190224E-12	-200.36708E+0
-2.8235299E-9	121.56474E-3	-2.1493993E+0	32.535159E-9	-253.90744E+0	1.5016251E+0	-19.137890E+0	31.010128E-12	-181.30956E+0
-2.9411762E-9	126.60369E-3	-2.4511452E+0	30.409556E-9	-270.97064E+0	1.4853241E+0	97.182480E+0	16.636156E-12	-99.257721E+0
-3.0588234E-9	126.41551E-3	-2.9199026E+0	27.727307E-9	-287.26508E+0	1.4598283E+0	-1.1244882E+0	19.107171E-12	-154.65004E+0
-3.1764706E-9	125.66222E-3	-2.9820478E+0	25.085471E-9	-291.83698E+0	1.4254013E+0	-18.727844E+0	23.522198E-12	-171.58621E+0
-3.2941179E-9	121.24024E-3	-2.6535385E+0	22.729880E-9	-283.15509E+0	1.3897414E+0	-25.854357E+0	11.196170E-12	-112.18527E+0
-3.4117651E-9	115.21555E-3	-1.0113108E+0	20.596520E-9	-212.43727E+0	1.3745524E+0	-25.628807E+0	28.440984E-12	-173.95502E+0
-3.5294114E-9	116.74804E-3	-1.6457191E+0	18.649438E-9	-248.05411E+0	1.3553604E+0	-61.223866E+0	19.748061E-12	-191.30769E+0
-3.6470587E-9	126.26547E-3	-3.9331021E+0	16.172651E-9	-304.93307E+0	1.3265671E+0	-38.223480E+0	22.097532E-12	-189.54195E+0
-3.7647059E-9	137.93436E-3	-5.7320929E+0	13.182542E-9	-305.17578E+0	1.3028971E+0	-97.134590E-3	14.568530E-12	-130.42462E+0
-3.8823531E-9	175.62611E-3	-6.1142850E+0	9.0424832E-9	-305.17578E+0	1.2769582E+0	93.142387E+0	15.493148E-12	-107.00740E+0
-4.0000003E-9	231.81814E-3	4.2707129E+0	4.3558024E-9	-121.56956E+0	1.2523330E+0	-20.480637E+0	25.044543E-12	-179.64153E+0
-4.1176476E-9	292.37264E-3	52.142075E+0	1.3621171E-9	241.40620E+0	1.2186722E+0	-46.717655E+0	21.774388E-12	-172.85640E+0
-4.2352939E-9	322.98636E-3	46.351631E+0	586.95077E-12	305.17578E+0	1.1996410E+0	-73.285500E+0	29.768955E-12	-239.83592E+0
-4.3529411E-9	344.20317E-3	61.866859E+0	640.82084E-12	305.17578E+0	1.1760244E+0	-11.114301E+0	25.793876E-12	-140.23073E+0
-4.4705883E-9	383.51950E-3	85.544861E+0	330.50451E-12	305.17578E+0	1.1522664E+0	-75.071465E+0	25.873179E-12	-169.37047E+0
-4.5882356E-9	407.47070E-3	91.792755E+0	139.17900E-12	292.92648E+0	1.1249455E+0	51.126488E+0	17.639007E-12	-127.03506E+0
-4.7058828E-9	444.04906E-3	92.451500E+0	106.28434E-12	303.13834E+0	1.0995138E+0	-51.064060E+0	17.005043E-12	-153.15222E+0
-4.8235291E-9	504.69106E-3	79.304123E+0	69.974707E-12	280.97122E+0	1.0767089E+0	-48.462440E+0	13.027603E-12	-142.43402E+0
-4.9411772E-9	654.71500E-3	75.690605E+0	43.006647E-12	178.33672E+0	1.0527720E+0	-65.934219E+0	20.691218E-12	-212.59569E+0
-5.0588236E-9	715.00754E-3	101.00216E+0	33.351495E-12	219.23749E+0	1.0385269E+0	-22.302906E+0	18.870003E-12	-170.21407E+0
-5.1764699E-9	811.33473E-3	-19.886862E+0	18.429010E-12	151.67337E+0	1.0143666E+0	-13.490926E+0	11.380165E-12	-166.31390E+0
-5.2941180E-9	853.20181E-3	60.922779E+0	20.085092E-12	172.84558E+0	982.42742E-3	-46.095192E+0	13.401820E-12	-157.31569E+0
-5.4117644E-9	831.95800E-3	51.822063E+0	18.446524E-12	154.17587E+0	956.48754E-3	57.447609E+0	29.191982E-12	-146.85225E+0
-5.5294125E-9	807.31964E-3	-8.1653929E+0	16.315687E-12	140.63025E+0	934.05151E-3	-94.948486E+0	10.306742E-12	-169.61304E+0
-5.6470588E-9	802.91748E-3	-113.45002E+0	20.746993E-12	133.81047E+0	907.02260E-3	-39.833004E+0	18.475638E-12	-165.55994E+0
-5.7647052E-9	800.26448E-3	60.943127E+0	16.439076E-12	153.72147E+0	881.11877E-3	50.535633E+0	14.356879E-12	-112.21407E+0
-5.8823533E-9	771.24733E-3	59.629063E+0	17.508018E-12	143.60847E+0	873.10284E-3	2.8045909E+0	18.915262E-12	-224.35507E+0
-5.9999996E-9	744.60399E-3	-79.707413E+0	25.304529E-12	124.73840E+0	850.20804E-3	13.209610E+0	9.5660034E-12	-165.45288E+0
-6.1176477E-9	709.95027E-3	-80.854996E+0	16.700087E-12	90.642502E+0	817.81924E-3	18.331896E+0	19.815531E-12	-144.70941E+0
-6.2352941E-9	707.44628E-3	-33.191418E+0	11.814610E-12	122.94480E+0	791.42815E-3	72.126045E+0	26.448345E-12	-129.71915E+0
-6.3529404E-9	730.68953E-3	-24.551973E+0	19.085143E-12	121.59460E+0	768.14121E-3	-37.209293E+0	31.444750E-12	-220.44124E+0
-6.4705885E-9	738.77716E-3	-31.630569E+0	29.039398E-12	89.378883E+0	744.66503E-3	49.846039E+0	17.948067E-12	-125.28211E+0
-6.5882348E-9	715.60162E-3	-77.098709E+0	20.811946E-12	46.154144E+0	720.72393E-3	-22.935663E+0	20.798308E-12	-149.86044E+0
-6.7058830E-9	699.35966E-3	8.3787184E+0	24.683606E-12	91.339539E+0	705.15138E-3	-83.876152E+0	34.322677E-12	-242.07204E+0
-6.8235293E-9	699.63074E-3	-54.483109E+0	28.527271E-12	890.78331E-3	677.95616E-3	-81.882866E+0	21.048371E-12	-211.58943E+0
-6.9411756E-9	681.13357E-3	-72.405876E+0	20.484350E-12	88.092903E+0	643.84001E-3	-11.604886E+0	21.516153E-12	-174.23177E+0
-7.0588237E-9	654.06442E-3	32.401573E+0	21.306863E-12	41.413342E+0	625.36210E-3	-4.1095080E+0	24.704719E-12	-140.94382E+0
-7.1764701E-9	641.69413E-3	-123.68369E+0	10.723178E-12	17.955572E+0	610.31598E-3	-24.840847E+0	25.129903E-12	-192.21165E+0
-7.2941182E-9	619.84962E-3	29.163580E+0	22.966011E-12	-7.6627412E+0	588.42570E-3	-38.761974E+0	26.435338E-12	-165.59969E+0
-7.4117645E-9	582.77535E-3	-85.425949E+0	28.285379E-12	-107.77481E+0	555.15492E-3	11.253919E+0	14.275223E-12	-144.16130E+0
-7.5294126E-9	536.54075E-3	3.8078339E+0	32.008313E-12	-43.870144E+0	524.13428E-3	-61.977352E+0	20.503066E-12	-175.25250E+0
-7.6470590E-9	486.58448E-3	-10.419052E+0	15.424731E-12	-18.986286E+0	487.89519E-3	-12.912965E+0	21.932817E-12	-125.32292E+0
-7.7647053E-9	454.80603E-3	-50.132538E+0	20.407110E-12	-74.533424E+0	454.40623E-3	30.706640E+0	20.741037E-12	-62.991585E+0
-7.8823534E-9	440.86611E-3	27.306257E+0	11.239353E-12	-14.529462E+0	451.68611E-3	-21.481560E+0	20.125580E-12	-106.78655E+0
-7.9999998E-9	427.29187E-3	54.185120E+0	12.369677E-12	14.979531E+0	443.25763E-3	13.054740E+0	33.083952E-12	-63.025654E+0
-8.1176479E-9	405.24495E-3	-110.08744E+0	32.346452E-12	-45.220181E+0	415.95104E-3	-47.796677E+0	12.901426E-12	-152.72475E+0
-8.2352942E-9	389.19881E-3	1.1669998E+0	20.844645E-12	6.2450652E+0	376.82343E-3	2.5020454E+0	17.881727E-12	-148.30890E+0
-8.3529406E-9	392.18596E-3	-63.977661E+0	18.449233E-12	-38.131802E+0	349.85709E-3	5.6106629E+0	17.033534E-12	-155.34764E+0
-8.4705887E-9	389.32800E-3	106.37700E+0	19.033667E-12	60.425438E+0	323.20151E-3	-12.299567E+0	14.825099E-12	-142.53551E+0
-8.5882350E-9	371.74836E-3	-12.668518E+0	30.472680E-12	10.876602E+0	299.11143E-3	-35.998806E+0	20.433285E-12	-196.07732E+0
-8.7058831E-9	357.73772E-3	-8.0461092E+0	17.939971E-12	-41.098137E+0	288.35347E-3	-31.115408E+0	16.907753E-12	-169.28487E+0
-8.8235295E-9	349.86216E-3	73.117729E+0	17.137826E-12	-2.3300238E+0	270.99761E-3	-87.931023E+0	19.576634E-12	-223.81001E+0
-8.9411758E-9	327.89409E-3	-5.8202310E+0	28.744663E-12	-63.522491E+0	245.90099E-3	22.466297E+0	18.448368E-12	-121.79048E+0
-9.0588239E-9	288.14545E-3	62.538990E+0	20.415291E-12	10.626950E+0	217.98553E-3	-36.257526E+0	23.468406E-12	-171.11569E+0
-9.1764703E-9	238.06407E-3	56.496273E+0	13.426165E-12	6.5145020E+0	198.93952E-3	-14.530571E+0	16.447238E-12	-152.77513E+0
-9.2941184E-9	202.81219E-3	-42.908176E+0	24.717605E-12	-97.302849E+0	169.78760E-3	20.307997E+0	30.541448E-12	-101.01538E+0
-9.4117647E-9	192.20784E-3	-50.486923E+0	21.775770E-12	10.235840E+0	138.43332E-3	-53.385750E+0	26.966837E-12	-211.70496E+0
-9.5294110E-9	160.42888E-3	44.410694E+0	20.283969E-12	17.390726E+0	119.98749E-3	51.727188E+0	39.804379E-12	-50.610435E+0
-9.6470592E-9	125.07223E-3	-128.59552E+0	26.766691E-12	-78.396591E+0	106.54602E-3	-18.639874E+0	12.144698E-12	-154.14439E+0
-9.7647055E-9	104.98047E-3	-79.843979E+0	24.417383E-12	-106.41345E+0	88.113405E-3	-22.794714E+0	22.908940E-12	-156.51520E+0
-9.8823536E-9	92.667647E-3	-22.177664E+0	27.678207E-12	-87.793861E+0	60.499571E-3	-32.047516E+0	21.848089E-12	-200.95927E+0
-9.9999999E-9	75.475059E-3	26.204699E+0	31.075111E-12	-31.621904E+0	39.920043E-3	25.410887E+0	16.075325E-12	-126.80197E+0
-10.117646E-9	65.830484E-3	-53.829517E+0	34.927401E-12	-105.03913E+0	8.6746225E-3	-21.710892E+0	23.800430E-12	-126.23284E+0
-10.235294E-9	62.939964E-3	-36.511166E+0	33.983670E-12	-157.41479E+0	-33.413187E-3	59.757946E+0	23.339717E-12	-121.15459E+0
-10.352941E-9	48.025515E-3	-27.873024E+0	25.340625E-12	-168.20317E+0	-55.921428E-3	19.885862E+0	21.024949E-12	-190.47578E+0
-10.470589E-9	38.092040E-3	-78.184067E+0	30.636927E-12	-232.91333E+0	-67.730717E-3	8.3973846E+0	23.636194E-12	-120.39375E+0
-10.588235E-9	6.8069459E-3	26.711195E+0	14.828281E-12	-146.89078E+0	-88.124596E-3	-69.028854E+0	28.933179E-12	-198.89053E+0
-10.705883E-9	-35.232544E-3	-32.123619E+0	25.740415E-12	-154.48605E+0	-120.40914E-3	-31.624994E+0	23.670902E-12	-194.63333E+0
-10.823530E-9	-61.648052E-3	-69.663010E+0	8.8687087E-12	-185.86458E+0	-153.99170E-3	15.703376E+0	29.651184E-12	-108.09340E+0
-10.941176E-9	-77.845760E-3	-18.503088E+0	27.647020E-12	-171.00764E+0	-183.62884E-3	11.848042E+0	14.216220E-12	-154.44324E+0
-11.058824E-9	-103.68551E-3	3.2872345E+0	19.701296E-12	-145.78691E+0	-216.08683E-3	-12.513707E+0	15.604438E-12	-161.24390E+0
-11.176470E-9	-146.23871E-3	-20.570004E+0	16.641164E-12	-140.14453E+0	-233.36792E-3	-81.966324E+0	36.645902E-12	-253.81296E+0
-11.294119E-9	-178.49529E-3	53.336567E+0	26.632155E-12	-100.06760E+0	-248.29508E-3	-22.016705E+0	16.341399E-12	-162.59265E+0
-11.411765E-9	-194.90764E-3	-40.292507E+0	19.669046E-12	-155.16739E+0	-271.90146E-3	-79.087708E+0	30.716263E-12	-247.14290E+0
-11.529411E-9	-213.16478E-3	-42.078114E+0	23.796517E-12	-170.78415E+0	-302.56093E-3	-78.526070E+0	39.024447E-12	-239.62042E+0
-11.647059E-9	-226.43636E-3	-33.050976E+0	29.122378E-12	-184.48131E+0	-322.67913E-3	-18.427141E+0	13.961049E-12	-122.02268E+0
-11.764706E-9	-238.72782E-3	-59.701973E+0	23.578918E-12	-222.26328E+0	-339.02943E-3	-21.468618E+0	15.707347E-12	-173.63101E+0
-11.882354E-9	-264.63166E-3	-23.024170E+0	26.467129E-12	-190.92859E+0	-366.24044E-3	10.688349E+0	32.434083E-12	-167.09587E+0
-12.000000E-9	-298.98834E-3	50.639957E+0	27.946168E-12	-101.17018E+0	-388.03509E-3	-77.929756E+0	14.124466E-12	-180.40822E+0
-12.117646E-9	-325.60527E-3	24.956314E+0	10.966976E-12	-117.33441E+0	-417.86906E-3	-59.868340E+0	21.969813E-12	-169.13242E+0
-12.235295E-9	-353.70076E-3	-49.049194E+0	38.482030E-12	-224.57648E+0	-448.55702E-3	2.0398533E+0	18.611538E-12	-113.88599E+0
-12.352941E-9	-366.17279E-3	72.972641E+0	19.413193E-12	-164.82747E+0	-467.18243E-3	19.847166E+0	19.464770E-12	-151.57214E+0
-12.470589E-9	-366.11685E-3	22.692480E+0	22.601164E-12	-106.16030E+0	-471.95894E-3	21.230795E+0	18.062302E-12	-147.55003E+0
-12.588235E-9	-391.06548E-3	-57.179588E+0	23.025930E-12	-122.33645E+0	-492.47539E-3	-61.440178E+0	32.210005E-12	-154.53136E+0
-12.705882E-9	-434.60336E-3	-31.071249E+0	29.486961E-12	-185.54997E+0	-528.33962E-3	-38.919109E+0	12.454190E-12	-178.70364E+0
-12.823530E-9	-472.76613E-3	-67.285553E+0	19.450315E-12	-210.62488E+0	-557.01703E-3	-47.852165E+0	20.542425E-12	-192.04337E+0
-12.941176E-9	-494.87200E-3	17.547575E+0	23.484232E-12	-157.06328E+0	-589.79392E-3	-33.008820E+0	7.9867892E-12	-147.53140E+0
-13.058824E-9	-514.23490E-3	-1.1187840E+0	26.296906E-12	-153.10905E+0	-614.16727E-3	14.373731E+0	12.655146E-12	-110.80153E+0
-13.176471E-9	-536.11755E-3	-99.690445E+0	22.254157E-12	-175.60449E+0	-634.97007E-3	59.531204E+0	17.447460E-12	-57.112610E+0
-13.294117E-9	-555.55522E-3	-5.8081484E+0	23.916907E-12	-159.98465E+0	-641.03901E-3	-73.689568E+0	12.259222E-12	-147.22824E+0
-13.411765E-9	-582.80081E-3	131.23531E+0	18.847996E-12	-114.72314E+0	-665.39764E-3	45.426643E+0	19.438347E-12	-139.76678E+0
-13.529411E-9	-596.23009E-3	44.378311E+0	26.537932E-12	-152.62868E+0	-707.10856E-3	-68.985428E+0	30.692688E-12	-194.75185E+0
-13.647059E-9	-612.29300E-3	-108.02000E+0	21.573968E-12	-223.87840E+0	-740.36610E-3	-47.915363E+0	26.928858E-12	-176.00641E+0
-13.764706E-9	-638.40032E-3	-22.872971E+0	20.356997E-12	-154.83276E+0	-766.34568E-3	49.111961E+0	21.819104E-12	-129.90790E+0
-13.882352E-9	-661.19230E-3	115.94849E+0	12.855339E-12	-103.62769E+0	-784.79713E-3	-149.19579E+0	19.603843E-12	-182.29274E+0
-14.000000E-9	-687.09463E-3	-16.793928E+0	17.151528E-12	-173.63580E+0	-807.96963E-3	40.214504E+0	25.141458E-12	-129.58272E+0
-14.117647E-9	-719.86389E-3	43.647617E+0	21.610880E-12	-128.77975E+0	-831.65079E-3	-36.091099E+0	18.568870E-12	-182.04147E+0
-14.235295E-9	-754.32533E-3	-15.457129E+0	22.323587E-12	-187.01047E+0	-860.30072E-3	-104.16702E+0	15.777797E-12	-163.27475E+0
-14.352941E-9	-782.51392E-3	-73.332382E+0	31.335174E-12	-230.88940E+0	-898.74166E-3	-60.025860E+0	13.998608E-12	-190.30740E+0
-14.470587E-9	-810.87190E-3	96.334221E+0	13.946710E-12	-96.809921E+0	-915.29846E-3	-119.37785E+0	29.110284E-12	-248.57359E+0
-14.588236E-9	-840.14791E-3	-41.941860E+0	14.798414E-12	-188.27986E+0	-932.00278E-3	-11.449997E+0	18.100790E-12	-151.72502E+0
-14.705882E-9	-870.55713E-3	27.755074E+0	22.590922E-12	-135.24229E+0	-945.70106E-3	-105.76953E+0	20.689228E-12	-220.73740E+0
-14.823530E-9	-899.83875E-3	-59.819035E+0	19.999568E-12	-206.83885E+0	-964.21510E-3	-40.925060E+0	24.080739E-12	-149.65540E+0
-14.941175E-9	-919.82877E-3	-70.021721E+0	19.008142E-12	-215.04251E+0	-988.56556E-3	-62.954288E+0	33.970909E-12	-235.30598E+0
-15.058824E-9	-943.51399E-3	-86.335068E+0	14.825509E-12	-165.17790E+0	-1.0121231E+0	-42.800686E+0	18.193629E-12	-160.16466E+0
-15.176472E-9	-959.66029E-3	39.323288E+0	24.753994E-12	-72.012367E+0	-1.0414957E+0	-53.108131E+0	22.022200E-12	-163.12341E+0
-15.294116E-9	-977.78523E-3	-50.451717E+0	19.150959E-12	-207.55180E+0	-1.0619680E+0	-44.831005E+0	24.776145E-12	-195.29295E+0
-15.411764E-9	-984.50416E-3	13.167291E+0	22.788733E-12	-130.80942E+0	-1.0839915E+0	-30.048498E+0	16.454222E-12	-199.47708E+0
-15.529412E-9	-997.64401E-3	-38.411968E+0	14.697207E-12	-186.85025E+0	-1.1082128E+0	-118.47065E+0	31.372682E-12	-239.29973E+0
-15.647061E-9	-1.0276896E+0	-122.44101E+0	28.726058E-12	-218.47395E+0	-1.1358775E+0	5.5476737E+0	16.695848E-12	-175.34280E+0
-15.764705E-9	-1.0580332E+0	-101.67386E+0	7.7436451E-12	-157.02531E+0	-1.1597921E+0	40.230896E+0	20.908907E-12	-137.14032E+0
-15.882353E-9	-1.0853353E+0	-130.23203E+0	26.339708E-12	-207.55592E+0	-1.1756653E+0	3.1474924E+0	8.6949302E-12	-133.90074E+0
-16.000001E-9	-1.1058401E+0	-135.99463E+0	17.651366E-12	-207.78969E+0	-1.2084615E+0	-20.689070E+0	15.125727E-12	-157.87137E+0
-16.117646E-9	-1.1305313E+0	-43.679981E+0	20.492580E-12	-168.69888E+0	-1.2366450E+0	-62.886234E+0	33.870656E-12	-226.48904E+0
-16.235294E-9	-1.1514572E+0	-28.671938E+0	31.008071E-12	-196.65994E+0	-1.2598220E+0	-33.064766E+0	9.5691606E-12	-133.55029E+0
-16.352942E-9	-1.1733831E+0	16.819689E+0	14.091110E-12	-133.18442E+0	-1.2812799E+0	29.268229E+0	17.451006E-12	-148.57497E+0
-16.470587E-9	-1.2163320E+0	-55.077370E+0	23.112283E-12	-207.58881E+0	-1.3050532E+0	-74.452682E+0	15.856526E-12	-196.64322E+0
-16.588235E-9	-1.2476125E+0	-21.638088E+0	21.429742E-12	-161.73099E+0	-1.3247203E+0	25.312429E+0	20.619440E-12	-174.97498E+0
-16.705883E-9	-1.2722346E+0	-127.16248E+0	30.408516E-12	-243.54251E+0	-1.3480972E+0	-71.847443E+0	20.001027E-12	-185.69162E+0
-16.823531E-9	-1.2879140E+0	-79.681038E+0	30.119171E-12	-223.16585E+0	-1.3819036E+0	-33.868900E+0	19.426790E-12	-165.78479E+0
-16.941176E-9	-1.3002797E+0	-102.09145E+0	17.807224E-12	-206.62401E+0	-1.3991114E+0	-45.977753E+0	28.146346E-12	-144.83316E+0
-17.058824E-9	-1.3177063E+0	-56.611561E+0	17.079196E-12	-114.78872E+0	-1.4139200E+0	14.495450E+0	21.206783E-12	-143.25020E+0
-17.176472E-9	-1.3381882E+0	-32.420982E+0	24.797362E-12	-157.73119E+0	-1.4395146E+0	-32.238869E+0	21.126914E-12	-170.46022E+0
-17.294116E-9	-1.3846995E+0	1.3538151E+0	29.886673E-12	-139.79230E+0	-1.4734838E+0	-36.890720E+0	27.511776E-12	-164.75793E+0
-17.411764E-9	-1.4167145E+0	-70.679611E+0	22.283791E-12	-228.55705E+0	-1.5044612E+0	-57.593224E+0	19.060645E-12	-176.16747E+0
-17.529413E-9	-1.4362203E+0	-55.390392E+0	23.247907E-12	-245.03984E+0	-1.5260061E+0	-22.159777E+0	20.421269E-12	-180.50714E+0
-17.647057E-9	-1.4466248E+0	-110.24521E+0	10.864133E-12	-167.24139E+0	-1.5495412E+0	-94.586906E+0	32.223994E-12	-248.13997E+0
-17.764705E-9	-1.4709924E+0	8.7513809E+0	16.989500E-12	-179.20181E+0	-1.5592128E+0	62.256939E+0	17.025702E-12	-86.237427E+0
-17.882353E-9	-1.4981836E+0	-55.069221E+0	14.579903E-12	-185.35938E+0	-1.5739228E+0	18.815973E+0	23.687090E-12	-136.53680E+0
-18.000001E-9	-1.5224172E+0	-12.405966E+0	19.706146E-12	-146.24345E+0	-1.6011139E+0	89.092659E+0	18.743108E-12	-149.52075E+0
-18.117646E-9	-1.5540659E+0	-66.171196E+0	20.067635E-12	-212.12910E+0	-1.6426305E+0	99.711952E+0	14.696954E-12	-54.373310E+0
-18.235294E-9	-1.5830653E+0	-21.328964E+0	15.981091E-12	-131.08728E+0	-1.6718003E+0	-83.228546E+0	11.195918E-12	-145.38974E+0
-18.352942E-9	-1.6070368E+0	-60.632324E+0	17.681957E-12	-169.86635E+0	-1.6856582E+0	5.5146852E+0	20.070763E-12	-154.79649E+0
-18.470587E-9	-1.6254221E+0	-1.2643839E+0	23.427605E-12	-195.51741E+0	-1.6923029E+0	-27.990456E+0	19.262994E-12	-143.24666E+0
-18.588235E-9	-1.6476207E+0	36.136963E+0	25.749493E-12	-175.23450E+0	-1.7004018E+0	-62.638233E+0	22.142115E-12	-212.45676E+0
-18.705883E-9	-1.6771119E+0	-2.2874756E+0	18.193513E-12	-104.02627E+0	-1.7274948E+0	-26.972012E+0	14.157538E-12	-146.24838E+0
-18.823531E-9	-1.7004755E+0	47.805168E+0	9.2710362E-12	-129.94032E+0	-1.7596126E+0	-56.089920E+0	28.997884E-12	-221.91957E+0
-18.941176E-9	-1.7282064E+0	49.380280E+0	20.230441E-12	-108.17165E+0	-1.7896500E+0	-5.6317849E+0	25.911374E-12	-222.01529E+0
-19.058824E-9	-1.7435949E+0	-2.9889629E+0	13.995742E-12	-133.86543E+0	-1.8141632E+0	-71.259262E+0	31.571704E-12	-226.15985E+0
-19.176472E-9	-1.7656113E+0	-131.73306E+0	21.886075E-12	-222.45300E+0	-1.8345433E+0	-430.65929E-3	16.213891E-12	-138.74426E+0
-19.294117E-9	-1.7807225E+0	-77.675507E+0	19.562272E-12	-212.80234E+0	-1.8522960E+0	-77.422485E+0	9.5704729E-12	-180.69481E+0
-19.411765E-9	-1.8071929E+0	-61.981068E+0	22.190338E-12	-141.76062E+0	-1.8668085E+0	32.197430E+0	21.350907E-12	-118.69096E+0
-19.529413E-9	-1.8455887E+0	28.126396E+0	20.258791E-12	-144.55923E+0	-1.8828440E+0	6.1165137E+0	32.359448E-12	-151.15849E+0
-19.647057E-9	-1.8679444E+0	-65.293732E+0	26.757483E-12	-145.12541E+0	-1.9100128E+0	91.118668E+0	21.427015E-12	-126.24232E+0
-19.764705E-9	-1.8990412E+0	-7.7308326E+0	39.120644E-12	-144.02223E+0	-1.9267706E+0	-8.4282560E+0	15.584867E-12	-149.06700E+0
-19.882354E-9	-1.9210734E+0	-25.898287E+0	11.227664E-12	-124.08329E+0	-1.9396896E+0	31.180313E+0	18.294800E-12	-74.696861E+0
-19.999998E-9	-1.9405354E+0	-16.054447E+0	13.966171E-12	-168.08070E+0	-1.9367111E+0	54.903854E+0	9.5893684E-12	-133.02357E+0
